64 64
255 254 255
255 254 255
255 254 255
255 254 255
255 254 255
255 254 255
255 254 255
255 254 255
255 254 255
252 251 249
254 253 249
255 255 248
255 255 248
250 252 239
252 254 241
254 255 246
251 255 255
249 255 255
247 254 255
241 248 255
245 251 255
249 255 255
249 254 255
242 246 255
217 220 253
190 192 230
153 154 198
126 127 175
111 111 163
103 103 157
93 92 150
85 84 141
87 86 143
94 94 148
103 103 155
111 111 161
125 126 172
154 156 197
192 194 232
220 223 255
244 248 255
249 254 255
249 255 255
247 253 255
243 250 255
243 250 255
247 254 255
251 255 255
254 255 251
255 255 248
253 254 248
255 255 250
255 255 250
255 255 250
252 251 247
255 255 251
255 255 251
255 255 251
255 255 253
255 255 253
255 255 253
255 255 253
255 255 253
255 255 253
255 254 255
255 254 255
255 254 255
255 254 255
255 254 255
255 254 255
255 254 255
255 254 255
255 254 255
255 255 253
255 255 251
253 252 247
252 253 247
255 255 248
255 255 246
251 254 247
250 255 255
249 255 255
249 255 255
249 255 255
244 250 255
206 211 230
150 154 179
107 111 138
61 64 97
63 65 103
70 72 113
82 83 127
96 97 145
107 107 157
112 112 164
113 113 165
115 115 165
114 114 164
107 108 156
96 97 143
81 82 126
70 72 111
64 67 102
62 65 98
107 111 140
147 151 176
204 209 229
246 252 255
249 255 255
249 255 255
249 255 255
249 254 255
250 252 251
255 255 251
255 255 251
252 253 248
253 252 248
255 255 251
255 255 251
254 253 249
255 255 251
255 255 251
255 255 253
255 255 253
255 255 253
255 255 253
255 255 253
255 255 253
255 254 255
255 254 255
255 254 255
255 255 253
255 254 255
255 255 253
255 254 255
255 254 255
255 255 255
251 251 251
251 251 249
255 255 253
255 255 253
249 249 247
248 248 246
254 255 255
251 255 255
249 254 255
223 228 247
171 176 196
107 112 134
65 69 94
63 67 94
78 82 111
112 115 146
129 132 165
154 156 194
175 177 215
188 190 229
196 198 239
201 203 244
204 206 247
207 209 250
203 205 244
197 199 238
189 191 230
175 177 215
153 156 191
129 132 165
112 115 146
77 80 111
59 63 92
62 66 93
107 111 136
172 176 201
222 227 249
246 251 255
251 254 255
254 254 255
250 249 254
251 251 253
255 255 255
255 255 255
251 251 249
251 252 247
255 255 251
255 255 250
255 255 250
255 255 251
255 255 253
255 255 253
255 254 255
255 254 255
255 254 255
255 254 255
255 255 253
255 255 253
255 255 253
255 255 253
255 255 251
255 255 253
255 255 253
254 254 254
254 254 254
251 251 253
249 248 253
253 252 255
254 255 255
255 254 255
254 253 255
221 223 246
160 164 193
92 96 125
60 64 93
67 71 100
98 102 131
138 141 172
168 171 202
187 190 221
195 198 229
203 206 239
204 207 240
198 201 232
192 195 226
191 194 227
191 194 227
194 197 228
193 196 227
194 197 228
199 202 233
203 206 237
201 204 235
193 196 227
185 188 219
165 168 201
135 138 171
96 99 132
67 70 103
60 63 96
92 95 128
159 162 195
221 222 250
254 253 255
254 254 255
255 253 255
255 254 255
252 251 255
253 253 253
255 255 253
255 255 251
255 255 250
255 255 250
255 255 251
255 255 251
255 255 253
255 254 255
255 254 255
255 254 255
255 255 253
255 255 253
255 255 253
255 255 251
255 255 251
255 255 250
255 255 251
255 255 251
249 249 247
254 255 255
254 255 255
240 240 250
250 249 255
252 254 255
239 237 255
183 183 209
99 102 135
68 72 109
58 62 99
96 100 137
156 160 197
194 198 233
202 207 239
199 204 234
197 202 232
197 202 231
195 200 229
191 197 223
187 193 217
186 192 216
187 193 215
189 195 217
191 197 219
189 195 217
188 194 218
188 194 218
191 197 223
193 199 225
194 199 229
194 199 231
195 199 234
200 204 241
193 197 235
155 158 199
96 99 140
59 62 105
69 72 117
99 101 140
180 179 210
234 235 255
254 253 255
248 247 255
239 239 247
254 255 255
254 255 253
245 247 242
255 255 250
255 255 248
255 255 250
255 255 251
255 255 253
255 254 255
255 254 255
255 254 255
255 255 253
255 255 253
255 255 251
255 255 251
255 255 250
255 255 250
255 255 250
254 255 251
254 255 255
250 251 255
254 254 255
252 254 255
252 253 255
202 204 229
128 127 158
72 72 108
49 52 93
91 94 137
148 151 194
185 188 229
191 194 235
184 188 226
184 188 223
191 196 228
188 193 223
187 192 221
186 192 218
187 193 217
190 196 218
192 199 218
194 201 220
194 201 220
194 201 220
194 201 220
193 199 221
190 196 218
187 193 217
184 190 216
184 189 219
185 190 222
188 192 229
183 187 225
184 187 230
190 193 238
184 186 234
149 151 200
92 94 145
47 49 97
70 69 109
125 126 157
202 202 230
252 253 255
252 254 255
254 254 255
250 251 253
254 255 251
255 255 250
255 255 250
255 255 250
255 255 251
255 254 255
255 254 255
255 254 255
255 253 255
255 255 253
255 255 253
255 255 251
255 255 250
255 255 250
255 255 250
254 255 251
254 255 253
254 255 255
242 245 252
244 246 255
242 244 255
189 190 220
101 104 139
57 56 96
58 59 103
128 131 174
155 160 202
184 189 231
193 198 238
188 193 233
186 191 229
191 197 233
198 204 238
187 193 225
187 194 223
188 195 223
187 194 220
186 194 217
184 192 213
183 191 212
183 191 212
181 189 210
182 190 211
184 192 215
186 193 219
187 194 222
187 194 223
186 192 226
184 190 226
195 200 240
192 197 239
187 191 236
186 190 237
191 195 243
185 188 239
155 158 209
124 126 177
57 58 106
55 57 98
104 104 140
190 191 221
244 246 255
246 248 255
244 247 252
252 255 255
254 255 251
254 255 251
255 255 251
255 255 251
255 254 255
255 254 255
255 254 255
255 253 255
255 255 253
255 255 251
255 255 251
255 255 250
255 255 251
254 255 251
254 255 253
252 255 255
245 248 253
251 255 255
248 250 255
161 165 192
72 75 110
48 51 92
88 90 138
133 135 183
180 184 229
190 195 237
191 196 236
181 186 226
176 181 221
179 184 222
180 185 223
177 183 219
180 186 220
183 189 223
186 192 224
185 192 221
183 190 219
182 189 218
185 192 221
188 195 224
185 192 221
183 190 219
181 188 217
183 189 221
186 192 224
186 192 226
182 188 224
178 183 221
174 179 221
183 188 230
182 186 231
174 178 225
179 183 231
192 196 244
189 192 243
175 178 229
128 130 181
84 86 135
45 48 91
70 73 108
160 164 191
247 250 255
251 255 255
243 246 251
252 255 255
254 255 253
255 255 253
255 255 253
255 254 255
255 254 255
255 254 255
255 253 255
255 255 251
248 247 243
255 255 251
254 255 250
251 251 249
254 255 255
247 248 252
252 255 255
248 252 255
233 238 255
126 130 157
65 70 102
68 72 110
80 84 129
143 147 195
199 203 250
176 184 223
180 188 224
179 187 224
176 184 221
178 186 223
183 191 228
181 189 226
174 182 219
180 188 225
179 187 224
177 185 222
178 186 223
179 187 224
180 188 227
178 186 225
177 185 224
178 186 225
176 184 223
179 187 226
184 192 231
182 190 229
176 184 223
176 183 225
180 187 229
180 187 229
180 187 229
180 187 229
180 187 231
180 187 231
180 187 231
180 187 231
180 186 234
197 200 253
124 127 180
75 79 127
75 78 119
58 63 95
125 129 154
244 250 255
249 253 255
252 255 255
245 249 252
254 255 255
254 255 255
255 255 255
255 255 255
249 247 252
255 254 255
255 255 251
255 255 251
249 249 247
252 252 250
254 255 255
246 247 252
243 246 255
251 254 255
234 239 255
129 135 161
79 84 116
57 63 99
81 86 128
148 155 201
172 178 226
178 186 232
172 180 217
174 185 217
175 183 219
171 181 216
173 181 217
177 187 223
179 187 226
175 184 223
170 177 219
172 181 224
177 184 228
178 186 232
178 184 232
177 185 232
177 183 233
177 185 234
181 187 237
173 181 228
171 177 225
172 180 227
173 179 227
170 178 224
172 179 225
175 184 227
172 179 223
171 180 221
172 179 221
171 180 221
172 179 221
171 180 219
172 179 221
171 179 225
166 171 226
181 186 242
146 152 204
67 71 118
58 63 103
81 86 118
122 128 152
240 245 255
251 254 255
243 246 255
248 249 254
254 255 255
252 251 255
248 248 250
255 254 255
255 254 255
253 252 247
255 255 251
245 245 245
255 255 255
254 254 255
252 251 255
252 253 255
241 243 255
141 145 174
73 77 112
59 64 102
82 90 129
144 151 193
188 197 240
173 181 227
177 189 231
170 180 216
171 184 216
173 183 218
167 180 214
168 178 214
170 182 220
174 183 224
172 184 226
169 177 223
170 181 227
173 180 232
170 180 233
168 175 230
165 174 229
169 175 233
170 179 236
177 184 239
169 179 232
168 175 229
169 179 230
175 182 234
173 183 232
176 184 233
176 187 233
171 179 225
169 181 223
171 180 221
169 181 221
171 180 219
169 182 217
171 180 219
169 181 223
164 171 223
185 192 247
189 196 250
123 129 179
73 80 126
56 61 101
65 69 104
143 147 176
237 239 255
252 253 255
253 252 255
254 254 255
255 254 255
244 244 246
255 254 255
253 251 252
255 254 249
255 254 250
255 255 255
255 254 255
247 246 255
252 253 255
251 252 255
157 160 193
58 62 100
65 70 110
65 72 114
131 140 183
177 186 227
162 174 214
168 180 220
167 179 219
169 181 219
171 184 219
172 184 222
170 182 220
167 179 219
166 178 220
167 178 223
168 179 225
172 182 231
169 179 230
166 175 230
163 172 229
163 172 231
165 174 233
168 176 238
171 180 239
164 173 230
165 174 229
167 176 231
169 179 232
170 180 233
167 177 228
165 175 226
164 174 223
170 181 227
170 181 226
170 182 224
170 182 224
170 182 222
170 182 220
170 182 222
170 182 224
171 181 232
166 176 229
173 180 234
181 188 240
113 119 169
59 66 112
79 83 128
60 64 102
155 158 191
251 252 255
252 253 255
246 245 255
255 254 255
255 255 255
254 253 251
254 253 249
255 255 250
253 253 251
255 254 255
253 251 255
254 252 255
252 252 255
169 169 205
80 81 125
75 77 125
66 70 118
103 110 156
173 182 225
165 174 215
153 166 201
186 199 233
155 169 204
164 176 218
165 176 222
167 178 224
169 180 226
167 177 226
165 175 224
163 173 224
164 174 225
168 178 231
165 174 229
163 172 227
165 174 231
169 178 237
171 180 239
169 178 237
166 175 232
167 176 231
171 181 234
174 184 237
171 181 232
166 176 227
163 173 224
162 172 223
163 173 224
164 174 223
164 174 223
164 175 221
164 175 221
164 175 221
164 175 220
164 175 221
164 175 221
162 174 222
174 186 236
154 164 217
169 179 232
155 162 216
84 89 144
67 70 123
74 76 125
79 80 124
168 168 204
251 251 255
254 253 255
252 250 255
255 255 255
252 253 248
255 255 250
255 255 250
255 255 253
253 252 255
247 246 255
254 251 255
210 210 246
84 83 127
70 72 123
68 71 126
80 85 140
148 156 205
166 177 222
157 169 207
159 174 205
147 163 189
158 173 204
159 169 218
156 165 220
157 166 221
162 171 226
164 173 228
162 171 226
160 169 224
161 170 225
162 171 226
162 171 226
163 172 227
164 173 230
164 173 230
160 169 226
153 162 219
148 157 212
154 164 215
158 168 217
159 169 218
156 166 215
155 165 214
159 169 218
162 172 223
164 174 225
160 170 221
160 170 221
160 170 221
160 170 221
160 170 223
160 170 223
160 170 223
159 171 221
160 172 220
155 167 215
156 166 217
153 163 216
174 180 238
134 140 200
57 61 122
76 78 135
72 74 125
82 83 127
209 208 242
252 253 255
247 245 255
253 253 255
255 255 250
254 255 245
255 255 248
252 253 248
249 248 254
254 253 255
236 233 255
139 138 178
64 61 114
78 79 136
50 52 113
118 123 181
169 176 230
154 165 210
165 177 215
161 176 205
130 146 169
168 185 215
167 179 231
157 166 231
150 160 222
154 164 226
159 169 231
157 167 228
155 165 224
155 165 224
156 167 223
158 169 223
159 170 224
155 167 219
151 163 215
152 164 216
159 171 221
165 177 225
157 170 214
159 172 214
159 172 214
159 172 216
163 176 220
166 179 224
159 171 219
148 160 210
157 169 221
157 168 222
157 168 222
157 168 224
157 167 226
157 167 226
157 167 228
157 168 224
161 174 219
132 147 190
154 166 214
157 169 221
161 170 229
163 168 232
100 104 168
54 55 119
83 84 141
64 64 114
138 136 175
233 233 255
255 253 255
251 251 253
252 253 247
255 255 244
255 255 250
243 243 241
255 254 255
254 252 255
162 162 198
68 69 117
74 75 132
56 57 121
112 116 179
171 177 235
187 195 244
194 203 244
189 200 230
194 205 225
222 234 248
203 214 234
184 193 234
168 175 229
153 162 219
152 162 223
155 166 230
153 164 230
149 163 228
149 163 226
146 160 221
152 164 222
152 165 218
149 161 211
149 160 205
168 177 218
199 207 244
224 233 255
224 231 255
224 231 255
221 231 255
220 231 255
220 233 255
211 223 255
182 195 239
154 168 217
151 163 221
151 162 224
151 162 226
151 162 228
152 161 228
152 161 226
152 162 224
152 163 219
146 160 207
156 171 214
146 158 206
150 159 214
143 151 213
148 153 219
144 147 218
66 69 138
63 64 129
77 78 135
67 68 114
161 162 193
252 254 255
255 254 255
245 245 237
255 255 244
255 254 251
255 254 255
254 253 255
217 218 246
94 97 142
65 70 126
71 76 140
60 68 133
119 129 190
185 195 248
201 210 251
199 206 235
225 230 249
227 230 239
221 220 225
247 248 252
251 255 255
179 185 209
146 154 191
150 160 211
143 157 222
143 160 232
149 167 241
136 156 229
141 160 228
134 152 214
144 160 212
148 159 204
156 162 198
205 209 234
254 253 255
253 252 255
253 251 252
255 255 253
254 255 255
246 251 255
243 252 255
240 252 255
155 170 209
140 157 209
144 162 226
144 160 235
144 160 238
146 159 238
149 158 233
150 159 228
151 159 221
151 160 215
143 157 206
147 161 208
151 163 215
147 156 213
151 155 218
160 163 232
142 144 219
101 105 179
52 58 132
71 79 144
68 75 129
80 88 127
229 234 254
254 255 255
255 254 249
255 255 243
255 253 252
255 254 255
249 247 255
160 163 196
82 85 136
63 69 131
63 72 141
64 74 143
122 133 195
169 181 233
203 211 248
210 216 240
221 223 236
232 231 236
240 234 234
245 241 238
247 247 245
229 233 242
175 181 207
137 145 191
146 157 221
144 160 235
131 150 229
137 159 235
132 152 223
144 164 227
139 155 207
140 149 192
183 187 216
242 241 255
255 253 255
255 250 248
255 253 244
253 246 236
255 253 250
254 255 255
248 255 255
159 170 200
158 172 217
130 149 207
137 155 227
136 155 232
137 154 236
138 153 234
141 153 229
143 153 222
145 153 216
144 154 213
145 158 213
142 157 212
147 157 216
146 154 216
149 152 219
157 160 231
145 148 225
114 120 198
59 66 144
64 74 145
62 72 133
61 72 117
165 170 199
244 246 255
255 254 253
255 255 246
255 253 255
255 254 255
220 220 244
96 98 136
72 75 128
60 68 131
60 68 140
78 88 159
133 144 206
140 152 204
182 191 230
219 225 251
222 225 240
230 230 238
246 241 245
245 241 240
245 245 243
252 255 255
214 218 243
152 159 203
138 148 209
139 151 225
131 147 225
136 153 231
132 149 221
146 162 224
137 149 201
155 163 202
226 227 255
255 252 255
255 253 255
255 252 253
255 253 250
254 248 248
251 248 255
252 252 255
199 203 241
131 138 190
140 151 215
134 151 221
135 153 227
134 153 229
135 153 229
136 153 225
138 152 223
139 152 220
141 152 218
141 152 218
143 157 222
136 150 215
140 149 216
142 149 217
143 146 215
149 151 225
147 150 227
130 137 215
68 77 156
56 68 140
62 73 137
55 65 116
97 103 137
213 216 235
255 253 255
255 254 255
255 253 255
255 253 255
170 170 198
63 66 107
70 75 131
58 65 133
64 72 145
97 107 179
143 154 218
119 130 184
146 155 198
207 214 243
232 237 255
230 232 244
239 238 244
250 248 251
249 249 247
248 249 254
246 248 255
203 207 245
138 145 200
127 136 203
141 153 229
131 143 219
132 145 215
133 145 205
150 158 207
203 207 244
252 252 255
255 253 255
251 244 252
255 253 255
255 251 255
255 253 255
254 252 255
223 222 255
141 143 202
148 155 227
123 134 214
135 150 231
130 147 225
129 149 222
130 149 218
130 149 217
131 149 215
133 148 217
134 146 218
134 146 222
137 150 228
127 141 216
133 142 217
138 146 218
137 141 212
138 142 215
140 146 220
136 144 219
79 88 165
53 65 139
63 76 144
65 76 132
68 75 117
163 167 196
254 253 255
250 247 255
255 253 255
251 249 255
111 111 145
64 66 114
73 77 138
53 62 131
68 77 152
109 121 195
137 150 218
123 135 193
123 134 180
167 175 211
224 230 254
242 245 255
241 240 254
250 249 255
248 248 248
242 242 244
252 254 255
243 247 255
174 178 225
128 134 194
129 136 206
132 139 211
124 131 199
132 138 196
188 193 235
246 249 255
254 253 255
250 247 255
255 249 255
255 252 255
252 250 255
252 253 255
245 244 255
141 141 201
134 136 213
137 143 231
130 139 232
123 137 226
124 141 221
124 142 214
123 144 209
124 144 207
124 143 209
125 142 212
125 141 218
125 140 223
131 145 234
121 135 223
129 140 222
138 145 223
134 138 211
131 135 206
135 142 214
133 143 215
92 104 178
55 69 142
60 74 145
71 82 144
68 75 127
104 108 146
252 252 255
248 246 255
254 252 255
203 203 231
71 73 112
72 75 126
71 76 140
52 60 133
71 80 159
112 124 200
123 136 206
135 149 210
123 135 185
127 136 177
186 192 224
240 244 255
249 251 255
244 243 255
244 244 244
255 255 253
254 254 255
252 253 255
228 231 255
158 160 209
115 117 178
133 137 201
124 126 187
162 166 214
232 235 255
252 253 255
244 244 255
253 250 255
255 252 255
252 246 255
252 253 255
249 252 255
174 176 225
126 130 194
137 139 222
125 130 222
132 141 236
122 133 225
123 138 219
122 140 214
121 142 209
121 142 207
121 142 209
122 140 214
122 139 219
122 138 226
125 139 236
119 132 228
128 138 225
134 141 219
128 135 203
126 134 197
130 138 201
125 136 202
105 118 188
58 72 145
55 69 140
63 77 142
67 76 133
63 70 116
209 211 249
249 250 255
252 252 255
142 142 176
68 71 116
70 75 131
65 72 140
58 67 142
73 84 164
110 123 202
117 131 204
124 139 204
124 137 192
112 125 170
134 143 184
201 207 243
245 250 255
242 244 255
250 249 254
255 255 251
255 255 255
253 253 255
252 253 255
207 207 243
144 142 192
121 121 175
157 155 205
211 210 250
252 253 255
254 254 255
247 246 251
255 254 255
255 253 255
251 248 255
243 247 255
203 211 250
114 122 171
135 141 203
122 128 202
126 132 216
119 129 216
120 132 218
119 134 215
118 136 212
117 137 210
117 137 210
117 136 212
115 137 213
115 136 219
115 135 224
115 130 231
113 127 226
120 131 220
123 132 207
118 126 188
122 131 186
126 135 190
116 129 184
106 120 183
58 73 142
56 73 143
56 71 138
63 73 134
59 66 118
150 153 196
247 249 255
249 252 255
98 100 139
79 82 133
64 70 130
62 69 141
67 76 155
76 88 170
107 122 203
119 135 210
99 116 185
117 131 192
118 131 184
100 112 162
154 162 208
230 237 255
246 251 255
254 254 255
248 249 244
254 255 250
254 255 255
252 252 255
246 244 255
193 188 228
107 101 147
199 194 234
247 244 255
254 254 255
252 254 253
255 255 251
255 255 255
250 247 255
252 252 255
227 235 255
125 136 182
112 124 172
103 115 167
117 127 186
116 126 188
111 121 192
110 122 196
110 123 201
108 124 202
107 124 206
106 124 208
104 125 208
103 125 210
103 125 210
103 124 213
105 123 223
106 120 219
112 124 208
112 122 191
109 119 172
119 127 173
121 133 175
110 122 170
100 115 172
57 72 137
64 81 151
57 72 141
61 72 134
72 81 136
103 110 156
241 246 255
213 216 255
83 87 132
69 74 129
63 71 134
62 70 145
61 72 152
79 91 175
110 125 208
104 120 198
113 130 202
105 122 191
105 121 183
110 125 184
107 117 176
156 165 222
245 252 255
249 252 255
253 255 254
254 255 248
250 253 244
252 254 251
255 254 255
244 240 255
205 200 232
255 251 255
249 246 255
255 255 253
249 252 241
254 255 248
243 245 244
252 253 255
248 251 255
133 143 192
125 141 193
206 220 255
187 202 241
181 196 229
191 205 240
187 200 244
199 210 255
155 165 236
87 97 182
108 121 213
108 124 220
108 127 222
106 130 220
109 135 220
94 118 204
113 131 229
100 115 208
111 123 199
151 161 220
181 190 231
182 193 225
169 180 212
160 174 211
152 168 219
118 134 194
50 67 136
57 72 141
63 77 140
59 70 126
89 97 143
212 219 255
184 188 233
68 74 122
63 69 127
62 69 137
62 71 148
60 72 154
76 90 178
106 122 209
95 112 194
104 121 199
100 118 192
103 120 190
110 124 195
99 112 182
121 131 203
184 193 250
247 252 255
251 255 255
252 255 250
254 255 244
255 255 246
253 253 251
253 249 255
250 245 255
255 251 255
246 243 250
255 255 246
254 255 241
248 254 244
251 255 255
249 253 255
167 173 221
104 118 181
119 138 197
213 232 255
238 255 255
239 255 255
242 255 255
241 253 255
235 247 255
203 211 255
114 122 203
111 121 218
99 112 216
90 109 211
99 123 219
90 117 204
91 117 202
94 113 207
94 110 197
110 123 191
198 210 255
221 232 255
230 241 255
224 235 255
215 228 255
186 200 247
124 140 199
63 77 148
60 74 145
60 74 139
55 65 124
68 76 123
175 182 224
152 158 206
59 66 118
60 68 130
62 70 142
62 73 152
58 70 154
73 87 176
98 114 202
89 107 193
96 114 196
91 109 191
94 111 191
104 121 201
92 107 190
91 103 189
119 129 201
217 224 255
243 250 255
249 255 255
249 255 243
254 255 243
255 255 248
255 253 255
255 251 255
255 252 255
253 251 254
254 255 243
242 249 231
244 254 246
247 255 255
211 218 255
105 114 181
86 102 180
102 120 192
172 193 240
238 255 255
239 255 255
244 255 255
245 255 255
244 255 255
237 243 255
137 143 217
102 108 204
92 103 209
84 101 207
100 124 224
81 111 201
96 124 208
96 116 205
97 113 191
125 137 197
233 245 255
228 239 255
226 236 248
214 223 240
201 213 239
196 209 254
107 118 180
64 78 151
60 74 149
60 73 143
64 74 135
59 69 118
148 157 200
132 139 191
61 70 125
64 74 136
64 74 145
64 77 156
54 69 154
69 85 173
88 105 195
88 108 195
91 111 198
83 103 190
84 101 189
95 112 202
92 108 203
85 99 196
95 106 195
146 154 219
221 229 255
248 255 255
249 255 251
246 252 238
255 255 246
255 254 255
255 249 255
255 251 255
255 254 255
245 249 234
241 252 235
247 255 255
211 222 250
128 137 204
91 101 190
96 112 207
94 112 196
127 146 202
225 245 255
236 254 254
238 254 243
248 255 251
247 255 255
245 251 255
166 170 233
89 95 183
97 106 209
90 107 213
96 119 223
85 114 208
91 118 207
94 114 200
90 104 177
159 172 224
244 255 255
235 244 255
226 235 244
212 220 233
210 217 245
178 186 235
76 85 152
61 72 152
59 70 152
62 71 148
72 81 146
63 73 124
136 144 190
114 124 177
64 75 131
65 76 140
60 72 144
63 75 157
52 66 154
68 83 174
80 97 189
86 105 197
87 108 199
81 102 195
79 98 193
86 104 204
90 107 211
87 103 214
90 103 207
83 93 180
175 184 243
245 255 255
248 255 255
245 253 242
245 248 239
255 252 255
255 252 255
250 247 255
255 255 255
248 254 240
248 255 250
244 255 255
155 169 214
78 89 179
87 99 211
88 104 217
77 95 193
92 111 180
212 230 255
244 255 255
247 255 253
249 255 250
251 255 255
249 253 255
210 212 255
96 100 173
98 107 198
91 106 207
77 100 204
85 112 215
75 101 198
87 107 193
87 102 171
205 217 255
241 250 255
236 244 255
227 234 242
217 223 239
221 226 255
151 156 212
61 67 141
68 75 163
59 68 159
60 68 151
67 75 147
59 68 125
117 125 174
96 108 160
63 76 131
59 73 136
54 68 139
63 75 157
50 66 153
68 85 175
73 92 186
78 99 192
80 100 195
82 102 199
82 101 203
81 99 207
80 100 213
82 99 217
80 95 210
76 87 192
108 117 196
179 191 229
246 255 255
249 255 253
248 251 244
252 249 255
255 252 255
255 252 255
243 244 248
251 255 248
247 255 255
160 176 199
98 114 174
79 92 204
81 95 228
77 95 221
69 87 197
67 83 168
164 179 234
241 253 255
248 255 255
247 253 249
252 255 255
252 254 255
240 243 255
121 126 184
89 98 175
83 98 191
67 88 193
85 111 222
73 98 201
84 102 188
115 129 194
239 250 255
233 240 255
229 236 246
221 225 234
216 219 238
202 205 240
117 119 180
55 60 142
71 77 173
59 67 166
62 69 159
60 67 145
59 67 129
102 109 163
83 96 149
65 77 135
58 72 135
52 66 137
65 77 159
52 68 155
68 85 177
65 84 178
75 95 190
72 92 189
75 97 198
78 99 204
72 92 205
70 91 210
73 91 217
73 88 213
85 96 214
64 75 167
129 141 193
227 240 255
249 255 255
252 255 255
255 253 255
247 243 255
255 252 255
251 251 255
249 255 253
221 235 238
104 120 153
69 87 161
76 91 218
77 91 240
78 96 234
85 101 223
70 84 181
111 123 195
217 224 255
249 254 255
252 255 255
254 255 255
254 255 255
251 254 255
165 170 212
79 90 152
75 91 178
72 93 198
76 101 219
75 98 210
70 86 173
162 173 237
242 253 255
241 248 255
238 242 254
234 236 248
241 242 255
191 193 234
82 83 150
56 57 147
70 73 178
59 63 170
69 73 170
58 64 148
67 75 140
93 99 157
83 91 153
71 81 143
64 75 141
55 68 138
69 82 160
54 71 153
64 84 171
58 79 172
75 97 196
65 86 191
67 89 198
70 92 204
63 84 203
63 83 206
70 89 217
74 89 214
73 84 199
64 75 165
145 157 209
236 247 255
245 250 253
247 247 245
255 252 255
255 250 255
247 241 255
255 254 255
251 255 255
218 231 237
123 139 175
77 93 170
56 69 197
71 85 234
52 69 209
81 99 225
71 84 196
74 85 174
197 206 255
247 253 255
249 254 255
254 255 251
255 255 251
252 255 255
206 212 244
79 89 148
72 88 175
77 100 206
56 82 205
65 88 200
71 82 162
208 214 255
247 253 255
246 253 255
229 233 244
221 224 239
227 230 255
145 148 201
65 68 147
59 64 158
70 75 179
57 64 168
73 80 171
56 63 144
68 75 145
82 90 153
92 92 166
75 78 149
69 76 146
62 72 141
67 82 151
53 71 145
65 86 169
47 70 163
60 83 187
60 83 197
69 91 213
58 79 206
73 94 221
73 94 221
46 66 189
83 101 213
54 64 159
135 144 213
229 237 255
239 245 255
244 244 244
255 254 248
255 247 251
255 249 255
255 251 255
251 245 245
255 255 251
249 255 255
210 220 255
89 102 172
65 77 189
76 88 222
67 84 214
60 78 206
77 93 214
53 67 172
126 138 214
242 253 255
246 255 255
247 255 240
250 254 237
252 255 253
243 248 255
113 123 184
68 83 176
69 92 204
53 85 206
66 90 196
124 128 189
238 235 255
250 252 255
231 236 239
224 233 238
232 243 255
205 217 255
94 106 178
51 62 154
67 79 177
54 67 161
67 79 165
57 69 145
63 73 145
68 76 149
85 93 166
94 91 168
71 71 145
68 72 143
60 69 136
63 78 145
52 71 140
64 87 167
51 74 168
56 80 188
64 89 208
56 77 205
63 83 214
56 77 204
60 80 203
81 101 216
47 65 165
86 98 174
189 196 250
247 254 255
251 255 255
255 255 251
255 254 248
255 247 247
255 251 253
250 238 238
255 253 251
240 239 234
252 255 255
245 252 255
177 187 246
84 93 188
59 70 186
65 81 202
68 86 210
60 75 202
59 74 189
94 108 197
196 209 255
245 255 255
249 255 246
252 255 239
252 255 251
246 252 255
153 162 221
57 72 165
69 92 204
50 82 201
53 78 178
162 162 212
255 248 255
251 251 251
244 250 246
230 241 245
230 246 255
164 179 238
67 84 166
55 68 170
68 83 186
54 69 160
63 79 157
56 71 140
62 73 139
65 73 146
88 96 171
103 103 177
66 69 140
65 72 140
60 70 139
61 76 145
51 69 143
64 84 170
54 77 173
54 76 187
65 87 206
52 72 197
62 82 207
60 79 199
54 74 187
76 95 200
59 75 163
170 180 241
243 248 255
249 254 255
251 254 255
255 255 251
255 254 251
255 246 251
255 249 255
249 240 245
255 253 253
242 243 237
249 253 254
247 255 255
242 251 255
142 150 225
58 68 165
54 71 179
73 92 210
55 70 195
67 82 199
61 76 171
142 156 221
244 255 255
248 255 255
252 255 246
250 255 251
249 253 255
206 213 255
63 78 163
69 90 197
49 78 195
60 83 179
209 210 255
255 252 255
242 242 242
248 254 252
235 245 254
221 236 255
116 130 193
50 66 154
58 71 175
67 81 186
54 69 162
61 76 157
57 72 141
63 74 140
62 70 142
99 105 179
120 120 190
66 69 138
68 75 143
64 74 143
62 76 147
53 70 148
62 82 169
55 75 174
54 74 186
57 76 194
61 80 200
54 73 191
75 92 200
56 74 174
46 63 155
140 154 227
237 244 255
249 254 255
243 247 255
252 255 255
255 255 253
243 241 244
255 253 255
255 252 255
255 253 255
254 252 255
254 255 251
246 252 248
248 255 255
245 255 255
226 233 255
115 124 199
56 72 167
61 82 191
65 82 200
71 86 203
55 68 170
108 120 196
239 248 255
240 248 255
252 255 253
246 250 249
249 254 255
239 245 255
104 116 192
62 80 178
48 74 184
99 120 209
241 243 255
255 253 255
237 237 239
237 242 245
236 248 255
192 206 243
83 98 167
51 66 159
56 68 176
62 76 185
52 67 162
60 75 158
61 74 144
64 75 139
61 68 136
113 120 188
133 137 200
60 66 128
65 73 138
64 74 143
62 76 149
56 73 155
62 78 173
53 72 175
56 74 186
56 73 189
65 80 195
54 71 177
60 74 171
52 68 153
86 102 177
220 231 255
248 252 255
254 255 255
251 253 250
254 255 253
249 250 252
243 243 253
254 252 255
233 233 255
252 253 255
244 246 255
252 255 255
248 255 248
243 252 251
245 252 255
248 254 255
203 211 255
99 117 191
47 67 162
71 87 198
74 87 202
72 84 192
81 91 178
194 204 255
244 251 255
251 255 255
246 250 253
251 254 255
247 253 255
161 171 233
56 71 154
49 71 170
154 171 251
249 252 255
248 247 252
244 245 247
231 238 246
239 250 255
152 165 210
67 80 158
56 70 169
56 67 182
61 74 188
55 69 168
62 74 160
64 74 146
64 74 136
57 65 127
130 136 198
151 158 212
55 64 119
60 68 130
60 70 139
60 74 149
59 73 161
61 77 175
55 72 178
58 74 185
61 77 188
58 72 177
62 77 172
38 50 134
73 86 156
193 205 255
244 254 255
252 255 255
252 252 244
254 253 248
254 255 253
252 255 255
251 253 255
216 219 252
128 132 169
219 224 255
248 254 255
243 250 255
251 255 255
251 255 251
252 255 251
245 246 250
248 254 255
174 191 245
69 90 169
71 89 187
80 94 201
91 103 211
67 76 169
142 150 215
247 252 255
250 253 255
248 251 255
252 255 255
244 248 255
211 219 255
69 83 148
70 86 171
197 212 255
249 254 255
246 246 248
251 254 255
235 243 255
228 239 255
110 121 177
58 70 154
56 67 172
60 71 187
64 75 191
60 72 174
61 73 159
64 74 145
63 71 133
58 65 120
151 158 212
182 190 236
64 74 123
61 70 127
58 69 135
58 69 148
60 74 163
62 75 177
58 72 179
62 76 185
62 75 180
59 72 168
64 76 160
64 74 143
143 154 208
242 254 255
241 247 255
255 255 250
255 255 241
254 251 244
249 250 254
251 253 255
227 231 255
134 140 188
69 76 128
159 167 213
241 252 255
243 252 255
249 255 255
252 255 250
255 255 244
243 241 229
252 255 255
230 246 255
146 166 227
94 111 193
92 107 202
95 107 209
81 91 186
113 121 193
223 229 255
249 254 255
250 253 255
252 255 255
250 254 255
241 248 255
111 122 168
115 129 194
229 240 255
246 252 255
249 251 250
242 247 253
235 241 255
194 203 246
74 85 151
54 65 157
58 69 177
61 72 190
63 74 190
61 73 175
59 69 156
63 71 143
66 75 132
69 75 125
183 190 236
210 220 255
80 89 130
67 77 130
59 70 134
56 67 146
63 74 164
62 74 176
59 70 176
66 77 183
55 67 165
69 81 167
62 72 144
115 124 179
219 228 255
244 254 255
240 244 255
254 252 240
255 255 239
255 254 253
254 253 255
249 252 255
175 181 231
81 89 151
106 116 178
97 110 165
184 197 241
244 255 255
242 250 255
248 253 249
249 250 236
255 255 236
252 254 243
244 255 255
223 242 255
122 140 204
102 118 196
91 104 196
108 119 208
110 118 191
190 197 249
249 253 255
249 252 255
252 254 249
252 255 253
249 255 255
154 161 189
158 169 215
244 253 255
247 254 255
252 255 255
224 230 242
226 233 255
156 166 219
53 62 139
53 63 160
65 75 186
59 70 186
61 71 184
61 70 173
56 66 153
62 71 140
72 79 133
83 87 132
211 216 254
244 253 255
105 115 150
70 81 127
60 70 131
66 75 152
57 68 158
60 70 168
64 73 176
63 72 173
72 81 172
50 59 136
89 97 159
202 211 254
247 254 255
229 236 254
244 248 251
255 255 244
255 255 244
255 253 255
252 252 255
197 200 251
115 123 188
91 103 177
124 138 211
112 127 194
124 139 194
210 222 255
247 255 255
248 251 255
255 255 246
255 254 234
255 255 241
247 255 255
239 255 255
206 220 255
117 131 192
115 129 204
129 140 219
94 104 173
153 160 212
244 248 255
252 255 255
251 254 245
254 255 246
246 251 247
224 231 241
238 245 255
237 244 255
242 250 252
245 251 251
246 253 255
217 225 255
101 109 172
59 69 154
59 71 171
59 71 179
57 69 181
58 69 177
64 74 172
74 82 167
64 72 137
70 76 126
106 110 147
247 252 255
245 253 255
145 154 183
62 71 112
68 77 134
68 76 151
54 64 151
63 72 167
62 70 168
66 75 168
59 67 148
81 88 156
154 162 211
225 231 255
238 245 255
238 242 253
254 255 255
255 255 248
250 249 247
254 252 255
227 228 255
147 152 216
113 122 199
120 132 214
111 127 205
112 129 201
131 147 209
154 166 216
232 241 255
251 254 255
245 245 243
255 254 237
255 255 241
249 255 255
240 252 255
242 255 255
193 206 248
126 141 198
125 139 204
137 148 212
131 138 192
223 228 255
252 254 255
252 255 248
255 255 243
254 255 244
243 248 244
249 255 255
244 252 255
240 249 246
235 243 245
244 251 255
180 188 237
85 93 166
65 74 165
53 65 165
62 75 180
61 74 179
62 74 174
55 66 158
67 74 155
66 71 135
60 64 111
148 152 181
249 254 255
248 255 255
203 209 231
71 76 114
73 80 134
69 76 148
56 62 146
68 75 166
62 69 160
60 68 151
61 69 141
128 137 194
208 215 255
227 233 255
227 233 247
240 245 251
242 246 247
253 253 253
254 254 255
238 238 255
174 176 233
114 122 197
120 130 215
134 149 234
115 132 212
119 137 211
134 149 214
123 136 191
190 199 242
249 253 255
250 250 255
252 249 242
255 255 244
254 255 255
239 246 252
247 255 255
244 255 255
161 175 212
121 135 184
147 158 214
123 130 184
194 198 236
245 248 255
254 255 253
252 254 240
255 255 241
254 255 246
252 255 255
247 252 255
238 247 244
234 243 250
235 244 255
132 141 198
72 80 161
73 83 178
56 68 168
64 77 179
60 74 171
66 79 171
52 62 147
63 71 146
68 73 131
68 71 112
205 207 230
251 254 255
251 255 255
243 249 255
111 116 148
67 71 119
68 71 138
62 68 146
71 77 161
62 68 152
65 73 148
107 115 178
181 189 236
219 228 255
217 224 243
232 236 247
246 249 254
229 233 236
246 249 255
249 254 255
196 200 247
124 129 197
128 136 219
136 147 236
124 141 223
136 155 231
132 151 220
129 147 209
141 153 213
143 153 204
205 210 248
251 253 255
250 251 255
254 253 251
255 254 255
254 255 255
249 254 255
247 255 255
223 238 255
151 165 200
130 142 192
145 155 208
165 169 216
234 235 255
254 254 255
251 252 246
255 255 243
255 255 243
249 251 246
242 246 245
237 246 243
243 253 255
217 224 255
103 110 178
74 81 171
76 86 184
70 82 182
63 78 173
54 70 157
66 81 162
59 70 149
65 72 140
68 71 126
114 116 154
244 245 255
249 252 255
254 255 255
252 254 255
173 174 202
66 69 114
64 66 127
69 71 145
68 74 152
63 69 145
81 89 154
147 157 210
193 202 241
197 204 230
204 211 227
226 230 239
233 236 241
227 232 238
243 250 255
223 232 255
153 159 217
116 124 199
144 154 241
142 156 244
124 142 218
145 164 232
141 160 219
133 150 206
149 164 223
131 142 198
157 163 211
238 242 255
251 254 255
254 254 255
255 247 255
255 252 255
248 250 247
241 250 247
244 255 255
201 218 238
132 145 189
145 155 208
143 148 203
212 213 255
252 253 255
254 253 255
252 253 245
254 255 243
245 246 240
242 247 243
234 242 244
245 255 255
184 192 241
94 102 177
83 92 187
73 82 185
85 98 194
57 73 160
54 70 148
65 79 152
67 77 148
60 68 130
66 69 120
177 177 213
254 253 255
252 253 255
255 254 255
252 251 255
224 224 248
98 97 137
65 66 123
70 71 138
65 69 142
69 76 144
121 130 187
173 181 227
190 199 230
193 201 222
217 225 238
227 231 240
228 231 238
249 253 255
227 238 255
159 172 214
128 139 203
138 149 229
140 151 241
137 152 237
140 159 228
135 155 214
141 161 212
141 159 209
132 147 204
147 157 216
145 152 206
179 186 228
247 254 255
252 253 255
255 246 255
255 250 255
255 255 250
247 253 243
245 255 255
242 255 255
187 201 238
138 149 203
137 141 204
183 184 240
246 245 255
254 253 255
251 249 250
254 254 246
247 248 242
245 250 246
229 239 241
232 243 255
148 155 210
96 103 184
91 99 200
71 82 187
86 101 194
54 71 151
62 79 149
62 77 142
66 77 141
58 64 122
92 94 142
227 228 255
254 254 255
255 255 255
255 254 253
248 245 252
254 252 255
163 161 200
79 79 133
69 69 133
66 69 136
86 91 155
148 155 209
173 182 223
183 193 220
196 205 222
221 229 240
226 230 239
227 230 239
246 252 255
182 196 223
128 145 191
127 142 211
149 161 245
135 149 238
132 149 231
143 163 226
132 154 203
138 159 202
143 162 205
130 145 200
150 162 222
147 156 213
146 154 203
206 215 248
240 242 255
255 244 255
255 248 255
255 254 250
254 255 244
245 255 248
242 255 255
236 250 255
169 180 236
142 145 216
156 155 221
227 224 255
254 251 255
248 245 252
252 251 247
246 247 242
242 246 245
230 239 244
201 213 239
122 131 190
101 109 194
91 100 203
81 92 197
78 94 182
62 80 156
68 86 150
60 76 135
66 76 135
72 79 133
154 157 202
252 251 255
253 251 255
255 255 253
255 255 251
250 248 251
254 253 255
218 217 249
96 94 141
69 68 126
72 73 137
100 104 167
115 122 177
130 138 185
145 154 193
157 166 197
173 180 208
184 190 214
187 193 217
184 193 222
137 153 189
136 154 204
136 151 218
139 155 232
143 158 239
135 151 228
131 149 211
142 162 213
139 157 203
139 157 205
151 166 225
137 148 212
144 154 216
149 158 215
150 161 207
218 223 255
216 209 251
240 233 255
204 206 221
218 227 234
218 233 240
197 214 232
218 233 255
188 198 255
149 154 222
138 139 203
211 209 255
252 252 255
244 242 255
247 247 249
241 241 239
233 237 240
234 243 255
174 187 221
111 121 182
104 112 193
91 99 197
94 104 201
70 85 170
76 90 163
73 87 148
62 75 128
69 79 132
96 100 147
216 219 254
252 253 255
252 251 255
254 255 249
253 254 248
254 255 255
247 247 255
252 253 255
176 176 212
63 64 112
73 74 131
74 75 140
86 89 156
76 81 149
82 90 155
99 107 170
109 118 177
116 125 182
125 134 189
127 139 191
134 150 199
137 153 204
140 155 214
140 156 218
139 154 221
138 153 220
139 153 218
140 154 217
142 156 219
142 156 221
144 154 223
144 154 225
145 153 225
145 154 223
145 154 219
145 155 217
139 150 214
145 160 219
136 153 205
140 158 208
141 159 209
137 155 205
144 159 216
135 147 205
146 155 210
145 151 199
200 204 241
249 253 255
241 243 255
235 238 243
246 250 251
233 240 248
217 228 255
151 165 212
106 118 178
104 114 185
102 111 190
84 92 173
76 83 161
83 90 162
65 70 134
81 86 141
61 64 109
165 168 201
251 254 255
248 251 255
254 255 250
254 255 244
254 255 250
240 242 239
250 253 255
252 254 255
245 246 255
144 146 185
45 45 97
87 89 150
61 64 133
89 93 167
99 105 181
99 107 182
111 120 195
118 128 200
115 127 199
118 132 197
135 150 207
138 154 206
141 156 211
143 158 215
142 157 216
141 155 218
144 155 221
144 154 223
144 154 225
143 153 225
143 153 225
143 153 225
144 152 225
144 152 225
144 152 225
141 153 225
134 154 225
140 163 231
131 154 222
139 160 227
143 161 227
142 158 220
154 166 224
148 160 212
132 143 188
165 173 209
214 219 248
244 249 255
246 250 255
236 239 246
235 236 240
232 238 252
188 200 240
133 148 205
110 122 182
109 120 184
102 111 180
102 109 181
93 97 170
63 66 135
87 89 150
43 45 96
148 148 186
245 247 255
252 254 255
251 255 254
243 246 235
254 255 243
254 255 250
245 247 244
254 255 255
244 246 255
251 253 255
229 232 255
88 89 135
59 62 117
77 81 144
89 94 162
84 91 161
91 99 171
113 123 195
114 124 196
111 121 193
126 140 205
133 148 205
135 152 204
139 156 210
140 157 213
142 157 216
141 155 218
142 156 221
143 156 224
141 154 222
141 154 224
141 154 224
141 154 224
143 153 222
143 153 222
143 154 220
141 155 220
137 155 219
141 159 221
131 150 209
139 155 214
139 154 209
133 146 198
142 153 199
139 148 189
146 154 190
201 206 235
231 236 255
237 238 255
244 244 255
235 235 243
225 224 229
227 230 247
170 178 224
115 127 187
106 117 179
114 125 187
92 101 168
84 91 159
91 96 162
81 85 148
63 66 121
78 81 126
235 235 255
251 253 255
234 237 246
254 255 255
254 255 248
248 252 238
249 251 246
254 255 253
254 255 255
243 246 255
245 246 255
251 252 255
196 198 236
73 76 121
78 81 134
78 83 141
84 89 153
90 97 165
97 106 175
107 117 188
118 128 200
125 135 204
127 142 201
130 147 201
134 151 207
136 153 209
138 152 213
139 153 216
141 155 220
142 156 221
141 154 222
141 154 222
141 154 222
141 155 220
142 156 221
142 156 219
144 155 219
144 156 216
141 153 211
143 156 211
138 150 202
151 163 213
155 166 211
146 155 196
153 161 198
150 156 188
192 198 224
229 234 255
243 244 255
229 228 244
226 224 237
233 231 242
226 223 232
208 209 230
143 151 198
115 126 188
103 114 176
102 112 174
91 99 162
81 87 149
80 85 143
82 85 138
75 77 125
192 194 232
251 252 255
248 251 255
239 239 247
254 255 255
254 255 250
245 248 239
254 255 253
254 255 253
236 237 239
252 255 255
252 254 255
245 248 255
249 253 255
178 182 217
64 69 111
66 72 120
94 101 155
98 107 166
80 88 153
103 112 181
127 135 207
102 112 181
121 135 196
124 141 197
129 145 204
132 148 208
134 150 212
136 151 216
138 153 218
140 155 220
139 154 219
139 154 219
139 154 219
140 156 218
140 156 216
141 157 216
142 157 216
144 157 212
143 153 206
149 157 206
153 160 206
185 192 234
205 211 247
199 206 235
207 213 239
205 210 232
233 236 255
234 235 253
240 242 255
227 226 242
212 209 226
230 227 244
226 222 239
174 174 202
111 117 169
123 133 195
105 115 177
88 96 158
97 106 163
91 98 152
67 73 123
66 71 113
173 177 214
249 253 255
246 248 255
247 251 255
254 255 255
239 241 240
252 254 249
254 255 250
254 255 253
254 255 255
249 251 250
254 255 255
252 255 255
249 253 255
243 246 255
249 254 255
144 149 179
74 79 117
62 69 115
90 97 151
91 97 159
96 104 169
111 118 188
100 109 178
115 129 192
118 134 194
123 139 201
127 143 205
130 145 210
132 147 214
135 150 217
137 152 219
136 151 218
136 151 216
137 152 217
137 153 215
138 154 214
139 155 214
139 155 214
143 156 211
147 154 206
151 155 203
160 163 208
205 209 247
234 239 255
231 237 255
238 243 255
236 239 255
238 241 255
219 221 236
228 229 247
226 227 247
208 206 228
218 215 242
204 199 229
137 137 175
107 112 168
111 119 182
101 109 171
98 104 162
89 96 148
60 67 113
77 82 122
143 148 180
249 253 255
249 254 255
249 253 255
252 255 255
254 255 255
253 255 254
248 250 247
254 255 253
254 254 254
255 255 255
254 255 255
247 249 248
247 251 252
251 255 255
241 245 254
249 255 255
243 250 255
145 152 180
69 75 111
72 79 125
94 99 154
89 95 157
89 94 160
106 113 183
107 117 186
109 122 190
115 128 196
120 133 201
123 136 206
126 139 209
128 142 213
131 145 216
132 147 216
132 147 216
133 148 215
133 148 213
132 150 212
133 152 211
134 153 211
137 152 209
146 151 206
142 144 195
146 148 196
195 198 239
228 233 255
225 231 255
226 232 254
222 227 247
220 225 244
211 213 234
214 216 239
215 216 244
202 202 236
188 187 227
157 156 198
112 112 162
115 120 178
91 97 159
94 100 158
99 105 157
69 76 122
69 74 112
149 156 185
240 246 255
249 255 255
245 249 255
252 255 255
244 247 252
248 249 253
254 255 255
255 255 255
254 254 254
255 255 255
238 238 238
254 255 253
254 255 253
240 245 241
250 254 253
252 255 255
243 248 252
249 255 255
241 248 255
148 153 182
66 71 109
76 80 128
88 93 148
82 86 149
95 100 166
99 108 177
102 112 183
108 118 189
112 125 195
117 127 199
118 130 202
122 134 208
123 137 210
128 142 215
128 142 213
129 144 213
130 145 212
129 147 211
130 148 210
131 149 211
134 149 208
139 145 205
130 132 189
131 134 187
182 186 233
218 223 255
215 221 253
216 223 251
210 217 243
207 213 239
211 216 245
202 207 239
197 201 239
193 196 241
159 161 212
117 118 174
102 104 163
105 109 170
85 90 148
92 97 152
77 81 128
62 67 105
149 154 184
247 254 255
249 255 255
246 250 255
251 255 255
252 255 255
246 250 251
254 255 255
254 255 255
248 248 250
255 255 255
255 255 255
255 255 255
254 255 253
254 255 251
254 255 251
252 255 251
252 255 253
251 255 255
238 243 247
249 255 255
249 254 255
165 170 200
80 83 124
67 71 118
88 91 146
87 91 152
77 84 152
89 97 169
105 113 186
110 120 192
109 117 192
106 115 190
108 117 194
110 122 198
113 125 201
115 127 201
117 131 204
120 134 205
121 136 205
121 136 203
117 135 201
118 133 198
122 129 197
123 128 194
133 139 201
160 167 222
192 200 249
209 218 255
206 215 254
195 205 240
184 194 229
184 194 230
174 183 226
151 159 208
121 128 183
99 105 165
92 97 163
94 98 162
100 102 161
93 96 149
69 73 120
81 85 123
165 170 200
249 254 255
249 255 255
241 246 252
251 255 255
252 255 255
254 255 253
254 255 253
254 255 255
254 255 255
255 254 255
255 254 255
255 255 255
255 255 255
254 255 253
254 255 251
254 255 250
254 255 250
252 255 251
252 255 253
252 255 255
238 243 249
250 253 255
249 253 255
196 199 232
98 102 140
61 62 108
74 75 129
83 87 150
82 89 157
84 91 159
84 91 161
85 92 164
92 100 173
105 113 186
114 123 198
103 112 187
103 115 189
106 118 192
109 123 196
112 126 197
114 128 199
115 130 199
115 130 199
123 131 204
119 127 200
119 126 196
125 135 197
135 144 201
137 149 201
133 144 190
125 138 182
146 157 202
128 141 185
107 117 168
91 102 156
88 97 156
87 96 161
88 95 165
89 94 160
75 78 131
60 63 108
101 103 142
202 205 236
249 254 255
247 253 255
233 238 244
251 255 255
252 255 253
252 255 251
254 255 251
254 255 251
254 255 255
254 255 255
255 254 255
255 254 255
255 255 255
255 255 255
255 255 253
255 255 251
254 255 250
254 255 250
254 255 251
252 255 253
252 255 255
251 255 255
248 252 255
249 252 255
250 252 255
229 233 255
158 158 192
71 73 114
71 74 127
74 79 137
81 85 146
88 94 156
93 98 162
92 97 163
85 92 162
80 88 160
98 106 179
98 108 180
99 109 181
98 110 182
98 110 182
98 110 182
98 110 182
97 109 181
98 107 184
98 107 184
98 106 179
95 105 174
95 104 169
94 106 164
97 108 162
97 110 162
87 99 149
82 96 145
81 93 145
83 96 149
87 97 156
83 94 156
73 82 147
63 72 131
69 72 115
154 157 190
231 232 255
251 253 255
251 254 255
247 252 255
249 253 254
252 255 253
254 255 250
254 255 250
254 255 250
254 255 251
255 255 255
255 255 255
255 254 255
255 254 255
255 255 255
255 255 255
255 255 253
255 255 253
254 255 251
254 255 251
254 255 253
254 255 253
246 250 251
252 255 255
252 255 255
247 251 255
248 249 255
251 254 255
238 240 255
196 197 227
97 101 139
86 88 136
74 78 126
72 75 126
80 83 138
87 92 150
90 96 156
88 96 159
81 88 156
83 92 161
87 96 165
91 101 172
95 105 176
95 108 178
98 108 179
98 108 180
92 101 178
94 103 180
95 104 179
93 103 174
90 99 166
88 98 160
90 100 159
92 103 157
87 99 151
90 102 152
88 100 150
77 89 139
66 78 130
65 77 129
76 87 141
90 98 145
198 201 232
238 240 255
251 254 255
246 250 255
247 250 255
252 255 255
252 255 253
251 255 249
254 255 250
254 255 248
254 255 250
254 255 251
255 255 253
255 255 255
255 254 255
255 254 255
255 255 253
255 255 253
255 255 255
255 255 255
255 255 253
255 255 253
254 255 255
254 255 255
253 254 255
245 246 250
254 255 255
252 255 255
254 254 255
247 249 255
252 254 255
251 254 255
238 240 255
173 176 207
97 100 133
59 61 99
64 67 108
80 83 128
80 83 134
69 74 129
75 80 138
76 82 144
78 86 149
79 88 153
80 89 156
78 89 155
77 86 153
76 85 154
74 82 154
76 84 156
79 88 157
81 90 157
82 90 153
81 89 151
80 89 146
79 89 142
59 67 116
75 83 129
83 90 134
67 74 116
56 64 103
90 98 135
168 176 213
238 243 255
251 254 255
252 255 255
245 248 255
252 255 255
254 255 255
253 255 252
247 249 244
254 255 250
254 255 250
254 255 250
255 255 251
255 255 251
255 255 253
255 255 255
255 255 255
255 255 255
255 255 253
255 255 253
255 255 255
255 255 255
255 255 255
255 255 255
254 255 255
254 255 255
254 255 255
253 254 255
250 251 255
247 248 252
251 252 255
254 255 255
252 255 255
235 238 245
252 254 255
251 254 255
243 244 255
188 190 213
120 121 151
73 76 111
68 72 110
80 84 129
78 81 132
77 82 137
77 83 141
76 85 144
77 85 147
77 87 149
77 87 149
77 87 149
78 86 151
77 85 150
78 83 147
78 83 147
79 85 145
77 83 141
75 80 136
73 79 129
77 81 128
64 69 109
71 75 112
119 124 154
191 197 223
246 250 255
249 254 255
251 254 255
236 239 244
252 255 255
254 255 255
254 255 253
254 255 253
252 254 249
253 255 249
254 255 250
254 255 250
254 255 250
255 255 251
255 255 253
255 255 255
255 255 255
255 255 255
255 255 255
255 255 253
255 255 253
255 255 255
255 255 255
255 254 255
255 254 255
255 254 255
255 254 255
255 254 255
249 248 254
254 255 255
254 255 255
246 248 247
237 239 238
250 252 249
254 255 253
251 252 254
248 252 255
252 252 255
252 254 255
249 252 255
215 220 242
165 168 199
125 129 166
77 82 124
71 78 124
66 72 122
61 68 122
58 67 122
61 70 127
66 75 134
69 78 137
69 75 133
67 73 131
64 69 127
61 66 122
64 66 123
68 71 124
75 77 128
80 82 130
132 134 173
168 171 204
218 219 247
252 253 255
252 254 255
254 254 255
250 251 255
247 249 248
254 255 251
249 252 245
238 241 234
252 255 248
254 255 250
254 255 250
248 249 243
255 255 250
255 255 251
255 255 251
255 255 253
255 255 253
255 255 255
255 255 255
255 255 255
255 255 255
255 255 253
255 255 253
255 255 255
255 255 255
255 254 255
255 254 255
255 254 255
255 254 255
255 254 255
255 254 255
254 255 255
252 254 253
250 252 251
254 255 251
254 255 251
245 248 241
254 255 251
254 255 253
253 254 255
250 253 255
251 253 255
251 254 255
249 253 255
248 253 255
227 231 255
209 214 255
179 185 233
147 155 204
121 128 182
101 111 164
92 101 158
88 97 152
90 95 151
97 102 157
110 113 168
125 128 183
148 149 203
179 181 232
212 212 255
234 235 255
251 251 255
251 252 255
254 252 255
254 253 255
252 251 255
251 251 253
255 255 251
255 255 248
251 254 245
254 255 246
254 255 246
249 252 241
250 253 244
254 255 248
255 255 250
255 255 250
255 255 251
255 255 251
255 255 253
255 255 253
255 255 255
255 255 255
255 255 255
255 255 255
