72 72
180 41 54
180 41 54
180 41 54
180 41 54
185 41 52
148 42 66
73 62 118
57 75 144
58 74 142
58 74 142
58 74 142
58 74 142
58 74 142
58 74 142
58 74 142
58 74 142
58 74 142
58 74 142
58 74 142
58 74 142
58 74 142
56 75 145
110 49 82
135 28 38
133 30 42
133 30 42
133 30 42
133 30 42
133 30 42
133 30 42
133 30 42
133 30 42
133 30 42
133 30 42
133 30 42
133 30 42
132 30 42
151 35 47
184 43 56
181 42 55
181 42 55
181 42 55
181 42 55
181 42 55
181 42 55
181 42 55
181 42 55
181 42 55
181 42 55
181 42 55
181 42 55
181 42 55
182 42 54
168 50 70
89 100 174
88 99 175
89 99 174
89 99 174
89 99 174
89 99 174
89 99 174
89 99 174
89 99 174
89 99 174
89 99 174
89 99 174
89 99 174
89 99 174
88 100 176
105 74 126
135 26 35
133 30 42
180 41 54
180 41 54
181 41 54
187 41 51
125 44 75
31 48 111
34 47 108
77 66 124
57 75 143
58 74 142
58 74 142
58 74 142
58 74 142
58 74 142
58 74 142
58 74 142
58 74 142
58 74 142
58 74 142
58 74 142
58 74 142
58 74 142
53 77 148
124 40 64
134 29 40
133 30 42
133 30 42
133 30 42
133 30 42
133 30 42
133 30 42
133 30 42
133 30 42
133 30 42
133 30 42
133 30 42
133 30 42
131 29 41
159 36 49
183 42 55
181 42 55
181 42 55
181 42 55
181 42 55
181 42 55
181 42 55
181 42 55
181 42 55
181 42 55
181 42 55
181 42 55
181 42 55
181 42 55
183 41 52
161 54 81
86 101 179
89 99 174
89 99 174
89 99 174
89 99 174
89 99 174
89 99 174
89 99 174
89 99 174
89 99 174
89 99 174
89 99 174
89 99 174
89 99 174
87 102 180
113 62 102
135 27 37
180 41 54
181 41 54
186 41 52
100 45 86
31 48 112
37 48 109
38 48 109
36 47 110
76 69 131
57 74 143
58 74 142
58 74 142
58 74 142
58 74 142
58 74 142
58 74 142
58 74 142
58 74 142
58 74 142
58 74 142
58 74 142
58 74 142
58 74 142
54 76 147
135 34 50
134 29 41
133 30 42
133 30 42
133 30 42
133 30 42
133 30 42
133 30 42
133 30 42
133 30 42
133 30 42
133 30 42
133 30 42
133 30 42
130 29 41
168 38 51
182 42 55
181 42 55
181 42 55
181 42 55
181 42 55
181 42 55
181 42 55
181 42 55
181 42 55
181 42 55
181 42 55
181 42 55
181 42 55
181 42 55
184 40 51
146 63 100
84 102 180
89 99 174
89 99 174
89 99 174
89 99 174
89 99 174
89 99 174
89 99 174
89 99 174
89 99 174
89 99 174
89 99 174
89 99 174
89 99 174
86 103 180
123 47 75
182 41 53
182 41 54
75 46 95
33 48 111
38 48 109
38 48 109
38 48 109
38 48 109
41 50 110
70 72 136
58 74 143
58 74 142
58 74 142
58 74 142
58 74 142
58 74 142
58 74 142
58 74 142
58 74 142
58 74 142
58 74 142
58 74 142
58 74 142
57 74 143
59 74 142
139 30 41
133 30 41
133 30 42
133 30 42
133 30 42
133 30 42
133 30 42
133 30 42
133 30 42
133 30 42
133 30 42
133 30 42
133 30 42
133 30 42
132 29 42
174 41 54
182 42 55
181 42 55
181 42 55
181 42 55
181 42 55
181 42 55
181 42 55
181 42 55
181 42 55
181 42 55
181 42 55
181 42 55
181 42 55
181 42 55
185 39 50
130 73 120
86 101 179
89 99 174
89 99 174
89 99 174
89 99 174
89 99 174
89 99 174
89 99 174
89 99 174
89 99 174
89 99 174
89 99 174
89 99 174
89 99 175
90 99 173
172 42 56
57 47 102
34 48 110
38 48 109
38 48 109
38 48 109
38 48 109
38 48 109
37 48 109
51 52 110
63 75 141
58 74 142
58 74 142
58 74 142
58 74 142
58 74 142
58 74 142
58 74 142
58 74 142
58 74 142
58 74 142
58 74 142
58 74 142
58 74 142
57 75 144
68 70 131
139 28 37
131 26 42
133 29 42
133 30 42
133 30 42
133 30 42
133 30 42
133 30 42
133 30 42
133 30 42
133 30 42
133 30 42
133 30 42
132 30 42
135 30 42
179 42 55
181 42 55
180 39 55
181 41 55
181 42 55
181 42 55
181 42 55
181 42 55
181 42 55
181 42 55
181 42 55
181 42 55
181 42 55
181 42 55
181 42 55
185 40 49
114 83 141
87 101 177
89 99 174
89 99 174
89 99 174
89 99 174
89 99 174
89 99 174
89 99 174
89 99 174
89 99 174
89 99 174
89 99 174
89 99 174
89 99 174
47 47 106
36 48 110
38 48 109
38 48 109
38 48 109
38 48 109
38 48 109
38 48 109
38 48 109
36 47 109
62 54 112
58 76 144
58 74 142
58 74 142
58 74 142
58 74 142
58 74 142
58 74 142
58 74 142
58 74 142
58 74 142
58 74 142
58 74 142
58 74 142
58 74 142
52 72 147
75 56 119
192 115 33
128 23 42
130 26 42
133 30 42
133 30 42
133 30 42
133 30 42
133 30 42
133 30 42
133 30 42
133 30 42
133 30 42
133 30 42
132 30 42
138 29 45
177 33 57
210 112 43
184 49 52
179 37 56
181 41 55
181 42 55
181 42 55
181 42 55
181 42 55
181 42 55
181 42 55
181 42 55
181 42 55
181 42 55
182 42 54
183 40 53
101 91 157
87 100 176
89 99 174
89 99 174
89 99 174
89 99 174
89 99 174
89 99 174
89 99 174
89 99 174
89 99 174
89 99 174
89 99 174
89 99 174
37 48 109
38 48 109
38 48 109
38 48 109
38 48 109
38 48 109
38 48 109
38 48 109
38 48 109
38 48 109
36 47 108
72 59 114
57 75 144
54 71 145
51 69 146
53 71 145
57 73 143
58 74 142
58 74 142
58 74 142
58 74 142
57 74 142
55 72 144
51 70 146
46 66 149
123 117 102
241 201 44
242 204 56
244 203 45
175 94 36
126 19 42
130 26 42
133 29 42
133 30 42
133 30 42
133 30 42
133 30 42
133 30 42
133 30 42
131 27 42
127 22 42
149 54 39
236 189 39
241 204 56
243 206 48
218 133 40
178 33 56
178 36 56
180 39 56
181 41 55
181 42 55
181 42 55
181 42 55
181 42 55
181 41 55
180 39 55
179 36 56
180 36 54
176 44 61
91 96 170
88 100 175
89 99 174
89 99 174
89 99 174
89 99 174
89 99 174
89 99 174
89 99 174
89 99 174
89 99 174
89 99 174
89 99 174
38 48 109
38 48 109
38 48 109
38 48 109
38 48 109
38 48 109
38 48 109
38 48 109
38 48 109
38 48 109
38 48 109
35 47 108
71 59 124
139 130 94
224 186 48
149 135 87
68 80 135
48 67 147
48 67 147
48 67 147
48 67 147
54 72 142
112 110 108
191 163 65
242 199 44
245 202 52
247 201 27
253 202 0
246 201 27
242 204 55
238 192 41
186 110 35
128 23 42
128 22 42
128 23 42
128 23 42
128 23 42
128 22 42
126 19 42
166 80 37
229 177 37
243 206 55
245 200 38
252 201 3
248 202 18
241 201 51
243 205 48
232 170 39
205 103 44
184 49 52
178 33 55
178 34 55
178 34 55
178 33 55
179 38 54
206 101 44
231 168 39
227 157 39
180 33 54
166 50 73
86 100 177
89 99 175
89 99 174
89 99 174
89 99 174
89 99 174
89 99 174
89 99 174
89 99 174
89 99 174
89 99 174
89 99 174
38 48 109
38 48 109
38 48 109
38 48 109
38 48 109
38 48 109
38 48 109
38 48 109
38 48 109
38 48 109
38 48 109
35 46 110
58 64 100
250 206 46
245 201 38
245 202 46
247 203 52
248 204 47
246 202 45
247 203 46
248 204 47
247 204 51
245 202 52
244 201 42
248 200 25
253 202 2
253 202 0
253 202 0
253 202 0
252 201 5
245 201 31
242 202 53
244 206 52
238 193 42
226 173 38
222 168 38
228 176 38
235 189 40
244 206 50
242 204 56
244 201 38
251 201 11
254 202 0
253 202 0
253 202 0
254 202 0
248 200 20
243 201 40
241 203 53
241 205 56
243 206 52
243 205 49
243 204 48
243 205 51
241 206 56
241 203 52
244 201 38
241 205 54
202 109 40
182 36 53
154 59 91
84 102 181
89 99 174
89 99 174
89 99 174
89 99 174
89 99 174
89 99 174
89 99 174
89 99 174
89 99 174
89 99 174
38 48 109
38 48 109
38 48 109
38 48 109
38 48 109
38 48 109
38 48 109
38 48 109
38 48 109
38 48 109
38 48 109
29 42 113
241 198 42
244 200 38
254 202 0
254 202 0
253 202 4
250 201 12
249 201 13
249 201 13
250 201 10
251 201 5
254 202 0
254 202 0
253 202 0
253 202 0
253 202 0
253 202 0
253 202 0
253 202 0
253 202 0
254 202 0
250 201 10
247 201 23
246 202 31
246 202 34
246 201 32
246 201 27
249 201 13
253 202 0
254 202 0
253 202 0
253 202 0
253 202 0
253 202 0
253 202 0
253 202 0
254 202 0
254 202 0
253 202 3
250 201 10
250 201 12
249 201 13
250 201 11
251 201 5
254 202 0
254 202 0
247 201 22
243 207 50
180 60 48
185 38 51
137 69 110
85 101 179
89 99 174
89 99 174
89 99 174
89 99 174
89 99 174
89 99 174
89 99 174
89 99 174
89 99 174
38 48 108
38 48 109
38 48 109
38 48 109
38 48 109
38 48 109
38 48 109
38 48 109
38 48 109
38 48 109
36 46 110
91 87 87
249 206 52
250 202 9
253 202 0
253 202 0
253 202 0
253 202 0
253 202 0
253 202 0
253 202 0
253 202 0
253 202 0
253 202 0
253 202 0
253 202 0
253 202 0
253 202 0
253 202 0
253 202 0
253 202 0
253 202 0
253 202 0
253 202 0
253 202 0
253 202 0
253 202 0
253 202 0
253 202 0
253 202 0
253 202 0
253 202 0
253 202 0
253 202 0
253 202 0
253 202 0
253 202 0
253 202 0
253 202 0
253 202 0
253 202 0
253 202 0
253 202 0
253 202 0
253 202 0
253 202 0
253 202 0
253 202 0
243 203 54
197 143 31
178 36 54
186 39 49
121 79 133
86 101 178
89 99 174
89 99 174
89 99 174
89 99 174
89 99 174
89 99 174
89 99 174
89 99 174
47 57 120
37 47 108
38 48 109
38 48 109
38 48 109
38 48 109
38 48 109
38 48 109
38 48 109
38 48 109
38 48 109
28 41 113
204 169 49
245 201 45
254 202 0
253 202 0
253 202 0
253 202 0
253 202 0
253 202 0
253 202 0
253 202 0
253 202 0
253 202 0
253 202 0
253 202 0
253 202 0
253 202 0
253 202 0
253 202 0
253 202 0
253 202 0
253 202 0
253 202 0
253 202 0
253 202 0
253 202 0
253 202 0
253 202 0
253 202 0
253 202 0
253 202 0
253 202 0
253 202 0
253 202 0
253 202 0
253 202 0
253 202 0
253 202 0
253 202 0
253 202 0
253 202 0
253 202 0
253 202 0
253 202 0
253 202 0
254 202 0
246 201 31
242 201 43
92 15 29
120 26 36
185 43 56
185 40 51
107 87 150
87 100 177
89 99 174
89 99 174
89 99 174
89 99 174
89 99 174
89 99 174
89 99 174
94 96 169
39 50 111
37 47 108
38 48 109
38 48 109
38 48 109
38 48 109
38 48 109
38 48 109
38 48 109
38 48 109
37 47 109
31 43 111
248 204 45
248 200 23
253 202 0
253 202 0
253 202 0
253 202 0
253 202 0
253 202 0
253 202 0
253 202 0
253 202 0
253 202 0
253 202 0
253 202 0
253 202 0
253 202 0
253 202 0
253 202 0
253 202 0
253 202 0
253 202 0
253 202 0
253 202 0
253 202 0
253 202 0
253 202 0
253 202 0
253 202 0
253 202 0
253 202 0
253 202 0
253 202 0
253 202 0
253 202 0
253 202 0
253 202 0
253 202 0
253 202 0
253 202 0
253 202 0
253 202 0
253 202 0
253 202 0
251 201 8
244 205 56
132 64 29
96 20 30
96 22 29
141 33 43
184 42 55
180 43 57
97 94 165
88 100 176
89 99 174
89 99 174
89 99 174
89 99 174
89 99 174
89 99 174
89 100 175
91 90 161
36 47 108
38 48 109
38 48 109
38 48 109
38 48 109
38 48 109
38 48 109
38 48 109
38 48 109
38 48 109
32 43 111
157 135 64
245 201 49
254 202 0
253 202 0
253 202 0
253 202 0
253 202 0
253 202 0
253 202 0
253 202 0
253 202 0
253 202 0
253 202 0
253 202 0
253 202 0
253 202 0
253 202 0
255 205 0
255 209 0
255 210 0
255 209 0
255 206 0
253 202 0
253 202 0
253 202 0
253 202 0
253 202 0
253 202 0
253 202 0
253 202 0
253 202 0
253 202 0
253 202 0
253 202 0
253 202 0
253 202 0
253 202 0
253 202 0
253 202 0
253 202 0
253 202 0
253 202 0
254 202 0
245 201 35
226 178 36
91 14 30
99 23 30
96 22 29
131 31 40
168 39 51
183 41 54
171 48 68
88 100 174
88 99 175
89 99 174
89 99 174
89 99 174
89 99 174
89 99 174
89 99 174
90 100 176
84 85 151
35 45 106
38 48 109
38 48 109
38 48 109
38 48 109
38 48 109
38 48 109
38 48 109
38 48 109
37 47 109
30 41 110
249 205 47
248 201 16
253 202 0
253 202 0
253 202 0
253 202 0
253 202 0
253 202 0
253 202 0
253 202 0
253 202 0
253 202 0
253 202 0
253 202 0
253 202 0
255 207 0
228 154 17
180 58 49
166 31 57
177 51 51
220 137 21
255 209 0
253 202 0
253 202 0
253 202 0
253 202 0
253 202 0
253 202 0
253 202 0
253 202 0
253 202 0
253 202 0
253 202 0
253 202 0
253 202 0
253 202 0
253 202 0
253 202 0
253 202 0
253 202 0
253 202 0
253 202 3
243 204 57
134 66 29
97 20 30
98 23 30
119 28 36
147 34 45
144 34 43
175 40 52
184 41 52
160 55 81
85 101 179
89 99 174
89 99 174
89 99 174
89 99 174
89 99 174
89 99 174
89 99 174
90 101 177
71 75 140
35 46 106
38 48 109
38 48 109
38 48 109
38 48 109
38 48 109
38 48 109
38 48 109
38 48 109
29 42 112
208 173 49
246 200 34
253 202 0
253 202 0
253 202 0
253 202 0
253 202 0
253 202 0
253 202 0
253 202 0
253 202 0
253 202 0
253 202 0
253 202 0
254 205 0
229 154 16
166 31 57
170 39 55
171 41 54
170 40 54
166 32 57
219 134 23
255 206 0
253 202 0
253 202 0
253 202 0
253 202 0
253 202 0
253 202 0
253 202 0
253 202 0
253 202 0
253 202 0
253 202 0
253 202 0
253 202 0
253 202 0
253 202 0
253 202 0
253 202 0
253 202 0
248 202 20
243 200 45
90 12 29
98 23 30
101 23 30
145 34 44
145 34 44
145 34 44
147 35 44
179 41 54
184 40 51
146 64 101
84 102 180
89 99 174
89 99 174
89 99 174
89 99 174
89 99 174
89 99 174
89 99 174
91 102 178
58 65 129
36 46 107
38 48 109
38 48 109
38 48 109
38 48 109
38 48 109
38 48 109
38 48 109
33 44 111
143 124 69
246 203 47
254 202 0
253 202 0
253 202 0
253 202 0
253 202 0
253 202 0
253 202 0
253 202 0
253 202 0
253 202 0
253 202 0
253 202 0
255 209 0
181 60 48
170 39 55
171 41 54
171 41 54
171 41 54
170 40 54
172 42 53
255 208 0
253 202 0
253 202 0
253 202 0
253 202 0
253 202 0
253 202 0
253 202 0
253 202 0
253 202 0
253 202 0
253 202 0
253 202 0
253 202 0
253 202 0
253 202 0
253 202 0
253 202 0
253 202 0
245 202 34
217 166 35
93 16 30
98 23 30
122 28 37
146 34 44
145 34 44
145 34 44
144 34 44
151 36 47
182 42 55
185 39 50
129 73 122
86 101 178
89 99 174
89 99 174
89 99 174
89 99 174
89 99 174
89 99 174
89 99 174
93 101 176
47 58 122
37 47 108
38 48 109
38 48 109
38 48 109
38 48 109
38 48 109
38 48 109
36 46 110
65 68 97
247 204 54
253 202 0
253 202 0
253 202 0
253 202 0
253 202 0
253 202 0
253 202 0
253 202 0
253 202 0
253 202 0
253 202 0
253 202 0
255 210 0
166 32 58
171 41 54
171 41 54
171 41 54
171 41 54
171 41 54
167 33 57
248 192 3
253 203 0
253 202 0
253 202 0
253 202 0
253 202 0
253 202 0
253 202 0
253 202 0
253 202 0
253 202 0
253 202 0
253 202 0
253 202 0
253 202 0
253 202 0
253 202 0
253 202 0
254 202 0
244 203 45
184 127 30
94 17 30
98 22 29
144 34 44
145 34 44
145 34 44
145 34 44
145 34 44
144 34 44
158 37 48
183 42 55
185 40 49
113 84 142
87 100 177
89 99 174
89 99 174
89 99 174
89 99 174
89 99 174
89 99 174
89 99 175
95 98 171
42 52 115
37 47 108
38 48 109
38 48 109
38 48 109
38 48 109
38 48 109
38 48 109
26 39 113
249 206 52
251 201 5
253 202 0
253 202 0
253 202 0
253 202 0
253 202 0
253 202 0
253 202 0
253 202 0
253 202 0
253 202 0
253 202 0
255 209 0
176 51 51
170 40 54
171 41 54
171 41 54
171 41 54
171 40 54
168 35 56
255 206 0
253 202 0
253 202 0
253 202 0
253 202 0
253 202 0
253 202 0
253 202 0
253 202 0
253 202 0
253 202 0
253 202 0
253 202 0
253 202 0
253 202 0
253 202 0
253 202 0
253 202 0
254 202 0
244 204 49
160 97 29
95 19 30
108 25 33
147 35 45
145 34 44
145 34 44
145 34 44
145 34 44
145 34 44
143 34 44
166 38 50
183 42 55
183 42 54
101 91 158
87 100 176
89 99 174
89 99 174
89 99 174
89 99 174
89 99 174
89 99 174
89 100 175
93 94 164
37 48 109
38 48 109
38 48 109
38 48 109
38 48 109
38 48 109
38 48 109
27 40 112
249 206 49
252 201 7
253 202 0
253 202 0
253 202 0
253 202 0
253 202 0
253 202 0
253 202 0
253 202 0
253 202 0
253 202 0
254 203 0
255 210 0
212 122 27
168 35 56
171 41 54
171 41 54
171 41 54
168 36 56
203 103 33
255 209 0
253 202 0
253 202 0
253 202 0
253 202 0
253 202 0
253 202 0
253 202 0
253 202 0
253 202 0
253 202 0
253 202 0
253 202 0
253 202 0
253 202 0
253 202 0
253 202 0
253 202 0
254 202 0
243 203 52
157 94 29
95 19 30
120 28 36
146 34 44
145 34 44
145 34 44
145 34 44
145 34 44
145 34 44
145 34 44
144 34 43
173 40 52
183 42 54
175 45 62
91 97 171
88 100 175
89 99 174
89 99 174
89 99 174
89 99 174
89 99 174
89 99 174
89 100 176
88 87 156
35 46 106
38 48 109
38 48 109
38 48 109
38 48 109
37 48 109
32 43 109
249 205 53
251 202 4
253 202 0
253 202 0
253 202 0
253 202 0
253 202 0
253 202 0
253 202 0
253 202 0
253 202 0
255 205 0
249 193 2
217 131 24
210 118 28
199 97 35
171 41 54
170 39 55
169 39 55
197 90 37
209 114 29
234 164 13
255 206 0
253 202 0
253 202 0
253 202 0
253 203 0
253 202 0
253 202 0
253 202 0
253 202 0
253 202 0
253 202 0
253 202 0
253 202 0
253 202 0
253 202 0
253 202 0
253 202 0
254 202 0
244 203 48
172 112 29
94 18 30
129 30 38
146 34 44
145 34 44
145 34 44
145 34 44
145 34 44
145 34 44
145 34 44
145 34 44
146 33 44
179 41 55
183 41 53
166 51 74
86 101 178
89 99 174
89 99 174
89 99 174
89 99 174
89 99 174
89 99 174
89 99 174
90 101 176
77 79 146
35 46 106
38 48 109
38 48 109
38 48 109
35 46 110
84 82 90
246 204 53
254 202 0
253 202 0
253 202 0
253 202 0
253 202 0
253 202 0
253 202 0
253 202 0
253 202 0
254 205 0
236 169 11
170 39 55
168 36 56
169 37 55
169 37 55
184 67 45
197 91 37
188 75 43
169 37 55
169 37 55
168 36 56
246 189 4
254 204 0
255 206 0
253 201 1
246 187 5
255 207 0
254 205 0
253 202 0
253 202 0
253 202 0
253 202 0
253 202 0
253 202 0
253 202 0
253 202 0
253 202 0
253 202 0
254 202 0
244 202 44
195 139 32
92 16 29
132 31 39
146 34 44
145 34 44
145 34 44
145 34 44
145 34 44
145 34 44
145 34 44
145 34 44
144 34 44
150 35 45
182 42 56
184 40 52
150 61 95
89 99 174
89 99 174
89 99 174
89 99 174
89 99 174
89 99 174
89 99 174
89 99 174
91 101 177
65 69 135
36 46 107
38 48 109
38 48 109
32 44 111
152 132 66
245 202 45
254 202 0
253 202 0
253 202 0
253 202 0
253 202 0
253 202 0
253 202 0
253 202 0
253 203 0
254 204 0
175 48 51
170 39 55
171 40 54
171 41 54
171 41 54
170 40 54
170 39 55
170 39 54
171 41 54
171 41 54
170 38 55
191 82 41
255 214 0
216 130 24
167 33 57
167 33 57
171 41 54
231 159 15
254 205 0
253 202 0
253 202 0
253 202 0
253 202 0
253 202 0
253 202 0
253 202 0
253 202 0
253 202 0
253 202 0
246 202 32
224 177 36
91 15 29
132 31 39
146 34 44
145 34 44
145 34 44
145 34 44
145 34 44
145 34 44
145 34 44
145 34 44
145 34 44
144 34 44
156 37 48
183 42 55
183 41 53
89 99 174
89 99 174
89 99 174
89 99 174
89 99 174
89 99 174
89 99 174
89 99 174
89 99 174
92 102 178
51 61 126
37 47 107
38 48 109
29 41 112
215 178 47
246 201 33
253 202 0
253 202 0
253 202 0
253 202 0
253 202 0
253 202 0
253 202 0
253 202 0
254 205 0
226 148 18
168 35 56
170 39 55
178 53 50
170 40 54
171 41 54
171 41 54
171 41 54
171 41 54
171 41 54
171 41 54
171 41 54
167 33 57
229 155 16
166 33 57
171 40 54
171 41 54
170 39 55
176 50 51
255 209 0
253 202 0
253 202 0
253 202 0
253 202 0
253 202 0
253 202 0
253 202 0
253 202 0
253 202 0
253 202 0
248 201 18
244 203 49
87 10 28
128 30 38
146 34 44
145 34 44
145 34 44
145 34 44
145 34 44
145 34 44
145 34 44
145 34 44
145 34 44
145 34 44
143 34 44
165 38 50
182 42 55
89 99 174
89 99 174
89 99 174
89 99 174
89 99 174
89 99 174
89 99 174
89 99 174
89 99 174
89 99 174
95 99 174
44 54 118
36 47 108
28 39 113
249 205 47
250 201 15
253 202 0
253 202 0
253 202 0
253 202 0
253 202 0
253 202 0
253 202 0
253 202 0
255 208 0
199 95 36
169 37 55
175 49 51
215 127 25
169 37 55
171 41 54
171 41 54
171 41 54
171 41 54
171 41 54
171 41 54
171 40 54
169 37 55
204 105 32
169 38 55
171 41 54
171 41 54
171 41 54
166 31 57
254 205 0
253 202 0
253 202 0
253 202 0
253 202 0
253 202 0
253 202 0
253 202 0
253 202 0
253 202 0
253 202 0
253 202 0
244 204 57
121 67 23
117 24 35
147 34 44
145 34 44
145 34 44
145 34 44
145 34 44
145 34 44
145 34 44
145 34 44
145 34 44
145 34 44
145 34 44
144 34 43
173 40 53
89 99 174
89 99 174
89 99 174
89 99 174
89 99 174
89 99 174
89 99 174
89 99 174
89 99 174
89 99 174
89 100 175
93 95 167
34 46 113
144 125 68
244 202 50
254 202 0
253 202 0
253 202 0
253 202 0
253 202 0
253 202 0
253 202 0
253 202 0
253 202 0
255 210 0
174 48 52
169 37 55
198 95 36
215 127 25
169 37 55
171 41 54
171 41 54
171 41 54
171 41 54
171 41 54
170 40 54
180 58 48
171 41 54
193 85 39
169 38 56
171 41 54
171 41 54
170 40 54
177 53 50
255 212 0
253 203 0
253 202 0
253 202 0
253 202 0
253 202 0
253 202 0
253 202 0
253 202 0
253 202 0
253 202 0
254 202 0
246 201 38
218 173 34
78 12 26
149 35 45
145 34 44
145 34 44
145 34 44
145 34 44
145 34 44
145 34 44
145 34 44
145 34 44
145 34 44
145 34 44
145 34 44
146 34 45
89 99 174
89 99 174
89 99 174
89 99 174
89 99 174
89 99 174
89 99 174
89 99 174
89 99 174
89 99 174
89 99 174
89 100 176
78 81 167
239 197 42
247 201 27
253 202 0
253 202 0
253 202 0
253 202 0
253 202 0
253 202 0
253 202 0
253 202 0
253 202 0
255 210 0
166 32 57
169 37 55
211 120 28
214 126 25
169 37 55
171 41 54
171 41 54
171 41 54
171 41 54
171 41 54
170 38 55
196 91 37
250 197 1
189 77 42
199 98 35
169 38 55
168 36 56
174 46 52
195 89 38
176 51 51
255 208 0
253 202 0
253 202 0
253 202 0
253 202 0
253 202 0
253 202 0
253 202 0
253 202 0
253 202 0
253 202 0
249 201 11
246 207 54
85 29 20
118 25 37
147 35 45
145 34 44
145 34 44
145 34 44
145 34 44
145 34 44
145 34 44
145 34 44
145 34 44
145 34 44
145 34 44
145 34 44
89 99 174
89 99 174
89 99 174
89 99 174
89 99 174
89 99 174
89 99 174
89 99 174
89 99 174
89 99 174
89 99 174
84 96 178
168 150 102
244 201 51
253 202 1
253 202 0
253 202 0
253 202 0
253 202 0
253 202 0
253 202 0
253 202 0
253 202 0
253 202 0
255 211 0
167 32 57
169 37 55
217 132 24
212 122 27
169 37 55
171 41 54
171 41 54
171 41 54
171 41 54
171 41 54
169 38 55
198 94 37
255 215 0
253 203 0
224 146 19
219 135 22
221 139 22
210 118 28
199 95 35
203 103 33
255 211 0
253 202 0
253 202 0
253 202 0
253 202 0
253 202 0
253 202 0
253 202 0
253 202 0
253 202 0
253 202 0
254 202 0
243 201 43
216 172 34
83 11 28
130 30 39
146 34 44
145 34 44
145 34 44
145 34 44
145 34 44
145 34 44
145 34 44
145 34 44
145 34 44
145 34 44
145 34 44
89 99 174
89 99 174
89 99 174
89 99 174
89 99 174
89 99 174
89 99 174
89 99 174
89 99 174
89 99 174
88 98 175
90 100 172
247 203 43
246 200 25
253 202 0
253 202 0
253 202 0
253 202 0
253 202 0
253 202 0
253 202 0
253 202 0
253 202 0
253 202 0
255 211 0
167 32 57
169 37 55
215 127 25
209 114 29
169 37 55
171 41 54
171 41 54
171 41 54
171 41 54
171 41 54
169 38 55
206 109 30
201 100 34
166 32 57
168 35 56
169 36 56
169 36 56
169 37 55
169 38 55
170 38 55
214 127 25
255 208 0
253 202 0
253 202 0
253 202 0
253 202 0
253 202 0
253 202 0
253 202 0
253 202 0
253 202 0
253 202 0
251 201 8
245 205 57
128 73 23
104 19 34
135 31 41
146 34 44
145 34 44
145 34 44
145 34 44
145 34 44
145 34 44
145 34 44
145 34 44
145 34 44
145 34 44
87 101 177
89 99 174
89 99 174
89 99 174
89 99 174
89 99 174
89 99 174
89 99 174
89 99 174
88 99 175
78 92 183
228 189 50
243 200 44
254 202 0
253 202 0
253 202 0
253 202 0
253 202 0
253 202 0
253 202 0
253 202 0
253 202 0
253 202 0
253 202 0
255 210 0
167 35 56
169 37 55
208 113 29
203 105 33
169 38 55
171 41 54
171 41 54
171 41 54
171 41 54
171 41 54
169 38 55
203 102 34
168 35 56
171 40 54
171 41 54
171 41 54
171 41 54
171 41 54
171 41 54
170 40 54
166 32 57
229 155 16
254 205 0
253 202 0
253 202 0
253 202 0
253 202 0
253 202 0
253 202 0
253 202 0
253 202 0
253 202 0
254 202 0
245 201 30
247 206 49
102 31 27
104 23 35
140 32 44
146 34 44
145 34 44
145 34 44
145 34 44
145 34 44
145 34 44
145 34 44
145 34 44
145 34 44
124 66 109
86 102 179
89 99 174
89 99 174
89 99 174
89 99 174
89 99 174
89 99 174
89 99 174
80 93 182
196 167 77
243 200 51
252 201 4
253 202 0
253 202 0
253 202 0
253 202 0
253 202 0
253 202 0
253 202 0
253 202 0
253 202 0
253 202 0
253 202 0
255 209 0
180 59 48
169 37 55
196 91 37
199 95 36
170 38 55
171 41 54
171 41 54
171 41 54
171 41 54
171 40 54
181 60 48
173 44 53
176 49 51
173 45 53
171 41 54
171 41 54
171 41 54
171 41 54
171 40 54
176 52 50
169 38 55
187 72 44
255 208 0
253 202 0
253 202 0
253 202 0
253 202 0
253 202 0
253 202 0
253 202 0
253 202 0
253 202 0
253 202 0
254 202 0
243 200 44
238 196 41
100 15 33
109 23 34
144 34 44
145 34 44
145 34 44
145 34 44
145 34 44
145 34 44
145 34 44
145 34 44
145 34 44
161 29 37
108 81 138
87 101 177
89 99 174
89 99 174
89 99 174
89 99 174
89 99 174
85 97 177
181 158 89
245 202 50
250 201 10
253 202 0
253 202 0
253 202 0
253 202 0
253 202 0
253 202 0
253 202 0
253 202 0
253 202 0
253 202 0
253 202 0
253 202 0
255 208 0
194 87 38
169 37 55
182 62 47
194 84 39
170 39 55
171 41 54
171 41 54
171 41 54
171 41 54
170 39 55
193 85 39
169 36 56
198 94 36
175 49 51
171 41 54
171 41 54
171 41 54
171 41 54
170 38 55
205 108 31
174 47 52
166 30 58
255 210 0
253 202 0
253 202 0
253 202 0
253 202 0
253 202 0
253 202 0
253 202 0
253 202 0
253 202 0
253 202 0
253 202 0
253 202 0
242 201 50
228 182 36
102 17 34
113 27 36
146 35 45
145 34 44
145 34 44
145 34 44
145 34 44
145 34 44
145 34 44
145 34 44
157 33 43
160 30 39
98 89 156
88 100 176
89 99 174
89 99 174
89 99 174
89 99 174
87 98 176
119 118 146
248 203 41
245 201 33
254 202 0
253 202 0
253 202 0
253 202 0
253 202 0
253 202 0
253 202 0
253 202 0
253 202 0
253 202 0
253 202 0
253 202 0
255 207 0
210 116 29
169 37 55
170 40 55
184 68 45
170 40 54
171 41 54
171 40 54
172 43 53
171 40 54
170 39 55
197 90 37
168 36 56
205 107 32
175 48 52
171 41 54
171 41 54
171 41 54
171 41 54
169 38 55
205 107 32
182 62 47
166 31 57
255 211 0
253 202 0
253 202 0
253 202 0
253 202 0
253 202 0
253 202 0
253 202 0
253 202 0
253 202 0
253 202 0
253 202 0
249 202 19
246 207 55
155 104 25
95 18 31
107 24 34
119 27 37
147 35 45
145 34 44
145 34 44
145 34 44
145 34 44
145 34 44
145 34 44
157 33 44
158 32 43
158 34 45
92 96 169
88 100 175
89 99 174
89 99 174
89 99 174
89 99 174
85 97 177
116 116 148
248 204 43
245 200 32
253 202 0
253 202 0
253 202 0
253 202 0
253 202 0
253 202 0
253 202 0
253 202 0
253 202 0
253 202 0
253 202 0
255 205 0
225 147 18
168 35 56
171 40 54
170 40 54
171 41 54
171 41 54
169 36 56
228 153 16
169 36 56
170 39 55
194 88 38
169 37 55
193 85 40
176 49 51
171 41 54
171 41 54
171 41 54
171 41 54
170 38 55
205 107 31
173 45 53
171 42 54
255 210 0
253 202 0
253 202 0
253 202 0
253 202 0
253 202 0
253 202 0
253 202 0
253 202 0
253 202 0
253 202 0
249 201 17
245 205 56
158 106 25
65 7 22
72 16 22
102 23 32
106 24 34
125 29 39
147 34 44
145 34 44
145 34 44
145 34 44
145 34 44
145 34 44
157 33 44
157 33 44
158 32 42
152 39 57
88 100 177
89 99 175
89 99 174
89 99 174
89 99 174
89 99 174
85 96 179
122 117 119
243 201 53
253 202 3
253 202 0
253 202 0
253 202 0
253 202 0
253 202 0
253 202 0
253 202 0
253 202 0
253 202 0
253 202 0
254 203 0
246 189 4
167 33 57
173 46 52
176 50 51
171 41 54
171 41 54
168 36 56
227 152 16
168 36 56
170 39 54
188 75 43
170 40 54
173 45 52
174 46 52
171 41 54
171 41 54
171 41 54
171 41 54
170 40 54
184 67 45
169 37 55
195 90 38
255 208 0
253 202 0
253 202 0
253 202 0
253 202 0
253 202 0
253 202 0
253 202 0
253 202 0
253 202 0
254 202 0
243 202 48
188 140 29
63 5 22
72 15 23
72 16 23
79 17 25
108 24 34
105 23 33
133 31 40
146 34 44
145 34 44
145 34 44
145 34 44
145 34 44
157 33 44
157 33 44
157 33 44
159 31 41
142 50 76
85 103 180
89 99 174
89 99 174
89 99 174
89 99 174
88 98 175
108 110 157
245 202 51
253 202 0
253 202 0
253 202 0
253 202 0
253 202 0
253 202 0
253 202 0
253 202 0
253 202 0
253 202 0
253 202 0
253 202 0
254 204 0
250 197 2
254 203 0
179 57 48
171 40 54
171 41 54
168 36 56
227 152 16
168 36 56
171 41 54
171 40 54
192 82 41
170 39 55
171 41 54
171 41 54
171 41 54
171 41 54
171 41 54
171 41 54
171 40 54
168 36 56
222 140 20
255 205 0
253 202 0
253 202 0
253 202 0
253 202 0
253 202 0
253 202 0
253 202 0
253 202 0
253 202 0
254 202 0
245 203 45
174 124 27
68 10 23
72 16 23
77 18 24
106 23 34
107 24 34
107 24 34
106 23 33
139 31 42
146 34 44
145 34 44
145 34 44
145 34 44
157 33 44
157 33 44
157 33 44
157 33 44
159 31 39
128 61 101
86 102 180
89 99 174
89 99 174
89 99 174
87 98 175
117 118 146
245 202 51
253 202 0
253 202 0
253 202 0
253 202 0
253 202 0
253 202 0
253 202 0
253 202 0
253 202 0
253 202 0
253 202 0
253 202 0
253 202 0
253 203 0
255 210 0
174 48 51
171 40 54
171 41 54
168 36 56
227 152 16
168 36 56
171 41 54
170 38 55
204 106 32
169 38 55
171 41 54
171 41 54
171 41 54
171 41 54
171 41 54
171 41 54
171 41 54
167 32 57
247 190 3
254 203 0
253 202 0
253 202 0
253 202 0
253 202 0
253 202 0
253 202 0
253 202 0
253 202 0
253 202 0
254 202 0
245 203 44
175 125 28
67 10 23
77 18 23
106 23 34
107 24 34
107 24 34
107 24 34
107 24 34
108 25 34
143 32 44
145 34 44
145 34 44
145 34 44
157 33 44
157 33 44
157 33 44
157 33 44
157 33 44
160 30 37
115 75 127
87 101 178
89 99 174
89 99 174
88 98 175
101 106 162
245 202 50
253 202 3
253 202 0
253 202 0
253 202 0
253 202 0
253 202 0
253 202 0
253 202 0
253 202 0
253 202 0
253 202 0
253 202 0
253 202 0
253 202 0
255 210 0
172 42 54
171 41 54
171 41 54
168 36 56
227 152 16
168 36 56
171 41 54
170 39 55
194 85 39
172 41 54
170 40 54
171 41 54
171 41 54
171 41 54
171 41 54
171 41 54
169 37 55
184 65 46
255 209 0
253 202 0
253 202 0
253 202 0
253 202 0
253 202 0
253 202 0
253 202 0
253 202 0
253 202 0
253 202 0
254 202 0
244 203 47
171 121 27
67 10 22
94 21 29
108 24 34
107 24 34
107 24 34
107 24 34
107 24 34
106 24 34
111 26 34
145 33 44
145 34 44
145 34 44
157 33 44
157 33 44
157 33 44
157 33 44
157 33 44
157 33 44
160 30 37
103 86 148
87 100 177
89 99 174
89 99 174
86 98 175
246 203 48
252 201 6
253 202 0
253 202 0
253 202 0
253 202 0
253 202 0
253 202 0
253 202 0
253 202 0
253 202 0
253 202 0
253 202 0
253 202 0
253 202 0
255 210 0
172 42 54
171 41 54
171 41 54
168 36 56
227 152 16
168 36 56
171 41 54
171 41 54
168 36 56
255 210 0
172 43 53
171 41 54
171 40 54
169 37 55
171 40 54
170 39 55
192 83 41
254 206 0
254 203 0
253 202 0
253 202 0
253 202 0
253 202 0
253 202 0
253 202 0
253 202 0
253 202 0
253 202 0
253 202 0
254 202 0
244 203 50
152 101 26
68 11 22
92 20 29
108 24 34
107 24 34
107 24 34
107 24 34
107 24 34
107 24 34
106 24 34
115 27 37
147 35 45
145 34 44
157 33 44
157 33 44
157 33 44
157 33 44
157 33 44
157 33 44
157 33 43
160 32 40
95 94 164
88 100 176
89 99 174
81 94 181
246 202 44
249 201 14
253 202 0
253 202 0
253 202 0
253 202 0
253 202 0
253 202 0
253 202 0
253 202 0
253 202 0
253 202 0
253 202 0
253 202 0
253 202 0
255 210 0
172 42 54
171 41 54
171 41 54
168 36 56
227 152 16
168 36 56
171 41 54
171 41 54
167 33 57
255 208 0
172 43 53
171 41 54
169 36 56
231 159 14
169 36 56
170 38 55
194 88 38
255 208 0
253 202 0
253 202 0
253 202 0
253 202 0
253 202 0
253 202 0
253 202 0
253 202 0
253 202 0
253 202 0
253 202 0
254 202 0
245 205 58
118 63 24
69 13 23
92 21 29
108 24 34
107 24 34
107 24 34
107 24 34
107 24 34
107 24 34
107 24 34
106 24 34
122 28 38
147 34 45
157 33 44
157 33 44
157 33 44
157 33 44
157 33 44
157 33 44
157 33 44
158 32 43
154 37 51
90 99 173
88 99 175
82 94 180
237 196 46
248 200 24
253 202 0
253 202 0
253 202 0
253 202 0
253 202 0
253 202 0
253 202 0
253 202 0
253 202 0
253 202 0
253 202 0
253 202 0
253 202 0
255 210 0
172 44 53
171 40 54
171 41 54
168 36 56
227 152 16
168 36 56
171 41 54
171 41 54
167 32 57
255 213 0
172 43 53
171 41 54
168 35 56
233 163 13
168 35 56
170 38 55
194 88 38
255 208 0
253 202 0
253 202 0
253 202 0
253 202 0
253 202 0
253 202 0
253 202 0
253 202 0
253 202 0
253 202 0
253 202 0
250 201 8
247 207 55
69 11 21
71 15 23
93 21 29
108 24 34
107 24 34
107 24 34
107 24 34
107 24 34
107 24 34
107 24 34
107 24 34
105 24 34
130 30 39
157 33 44
157 33 44
157 33 44
157 33 44
157 33 44
157 33 44
157 33 44
157 33 44
158 32 42
148 45 66
86 102 179
83 95 180
212 179 64
245 200 37
254 202 0
253 202 0
253 202 0
253 202 0
253 202 0
253 202 0
253 202 0
253 202 0
253 202 0
253 202 0
253 202 0
253 202 0
253 202 0
255 209 0
179 56 49
170 40 54
171 41 54
168 36 56
227 152 16
168 36 56
171 41 54
171 41 54
170 38 55
255 219 0
172 42 54
171 41 54
168 35 56
233 163 13
168 35 56
170 38 55
194 88 38
255 208 0
253 202 0
253 202 0
253 202 0
253 202 0
253 202 0
253 202 0
253 202 0
253 202 0
253 202 0
253 202 0
253 202 0
248 201 23
242 199 44
64 7 22
72 16 23
98 22 31
108 24 34
107 24 34
107 24 34
107 24 34
107 24 34
107 24 34
107 24 34
107 24 34
107 24 34
107 24 34
157 33 44
157 33 44
157 33 44
157 33 44
157 33 44
157 33 44
157 33 44
157 33 44
157 33 44
159 31 40
136 55 88
82 100 184
148 138 119
244 201 49
254 202 0
253 202 0
253 202 0
253 202 0
253 202 0
253 202 0
253 202 0
253 202 0
253 202 0
253 202 0
253 202 0
253 202 0
253 202 0
255 209 0
184 68 45
170 39 55
171 41 54
168 36 56
227 152 16
168 36 56
171 41 54
171 40 54
175 50 51
255 218 0
172 42 54
171 41 54
168 35 56
233 163 13
168 35 56
170 38 55
194 88 38
255 208 0
253 202 0
253 202 0
253 202 0
253 202 0
253 202 0
253 202 0
253 202 0
253 202 0
253 202 0
253 202 0
254 202 0
245 201 40
207 159 32
67 9 22
71 16 23
102 23 32
107 24 34
107 24 34
107 24 34
107 24 34
107 24 34
107 24 34
107 24 34
107 24 34
107 24 34
107 24 34
157 33 44
157 33 44
157 33 44
157 33 44
157 33 44
157 33 44
157 33 44
157 33 44
157 33 44
157 33 44
160 30 38
120 69 115
78 97 185
246 203 44
248 201 18
253 202 0
253 202 0
253 202 0
253 202 0
253 202 0
253 202 0
253 202 0
253 202 0
253 202 0
253 202 0
253 202 0
253 202 0
255 208 0
192 83 40
170 39 55
171 41 54
168 36 56
227 152 16
168 36 56
171 41 54
170 40 54
182 62 47
255 217 0
172 42 54
171 41 54
168 35 56
233 163 13
168 35 56
170 38 55
194 88 38
255 208 0
253 202 0
253 202 0
253 202 0
253 202 0
253 202 0
253 202 0
253 202 0
253 202 0
253 202 0
253 202 0
253 202 2
246 204 55
94 82 57
73 13 21
72 17 22
108 24 35
107 24 34
107 24 34
107 24 34
107 24 34
107 24 34
107 24 34
107 24 34
107 24 34
107 24 34
107 24 34
157 33 44
157 33 44
157 33 44
157 33 44
157 33 44
157 33 44
157 33 44
157 33 44
157 33 44
157 33 44
157 33 44
161 29 38
102 77 145
208 179 68
244 200 43
254 202 0
253 202 0
253 202 0
253 202 0
253 202 0
253 202 0
253 202 0
253 202 0
253 202 0
253 202 0
253 202 0
253 202 0
255 207 0
204 108 31
169 37 55
171 41 54
168 36 56
227 152 16
168 36 56
171 41 54
170 39 55
188 73 44
255 217 0
172 42 54
171 41 54
168 35 56
233 163 13
168 35 56
170 38 55
194 88 38
255 208 0
253 202 0
253 202 0
253 202 0
253 202 0
253 202 0
253 202 0
253 202 0
253 202 0
253 202 0
253 202 0
247 201 28
242 199 42
18 31 81
46 32 59
83 16 23
108 24 34
107 24 34
107 24 34
107 24 34
107 24 34
107 24 34
107 24 34
107 24 34
107 24 34
107 24 34
107 24 34
157 33 44
157 33 44
157 33 44
157 33 44
157 33 44
157 33 44
157 33 44
157 33 44
157 33 44
157 33 44
157 33 44
157 33 43
160 29 40
107 100 149
246 204 47
250 201 15
253 202 0
253 202 0
253 202 0
253 202 0
253 202 0
253 202 0
253 202 0
253 202 0
253 202 0
253 202 0
253 202 0
255 206 0
215 128 25
169 36 56
171 41 54
168 36 56
227 151 17
168 35 56
171 41 54
170 38 55
193 85 39
255 216 0
172 42 54
171 40 54
168 35 56
233 162 13
168 35 56
170 38 55
194 87 38
255 208 0
253 202 0
253 202 0
253 202 0
253 202 0
253 202 0
253 202 0
253 202 0
253 202 0
253 202 0
253 202 2
246 203 54
127 111 55
27 36 78
29 40 78
72 36 62
110 23 31
107 24 34
107 24 34
107 24 34
107 24 34
107 24 34
107 24 34
107 24 34
107 24 34
107 24 34
107 24 34
157 33 44
157 33 44
157 33 44
157 33 44
157 33 44
157 33 44
157 33 44
157 33 44
157 33 44
157 33 44
157 33 44
157 33 44
157 32 43
152 30 51
195 173 79
243 200 49
253 202 0
253 202 0
253 202 0
253 202 0
253 202 0
253 202 0
253 202 0
253 202 0
253 202 0
253 202 0
253 202 0
254 205 0
226 147 19
167 34 56
171 41 54
167 33 57
239 173 9
168 36 56
171 40 54
169 37 55
204 107 32
255 214 0
174 48 51
170 39 55
166 33 57
235 167 11
167 33 57
169 37 55
198 93 37
255 207 0
253 202 0
253 202 0
253 202 0
253 202 0
253 202 0
253 202 0
253 202 0
253 202 0
254 202 0
244 200 38
236 195 42
19 30 79
31 40 77
31 40 76
43 60 116
97 34 55
108 23 32
107 24 34
107 24 34
107 24 34
107 24 34
107 24 34
107 24 34
107 24 34
107 24 34
107 24 34
157 33 44
157 33 44
157 33 44
157 33 44
157 33 44
157 33 44
157 33 44
157 33 44
157 33 44
157 33 44
157 33 44
157 33 44
157 33 44
157 31 43
141 35 66
238 203 48
243 200 39
254 202 0
253 202 0
253 202 0
253 202 0
253 202 0
253 202 0
253 202 0
253 202 0
253 202 0
253 202 0
253 203 0
254 203 0
184 68 45
165 29 58
187 73 44
255 211 0
214 125 26
165 28 58
171 42 54
243 183 6
255 208 0
211 121 28
163 26 59
202 101 33
255 206 0
181 60 47
167 33 57
232 161 14
254 204 0
253 202 0
253 202 0
253 202 0
253 202 0
253 202 0
253 202 0
253 202 0
254 202 0
248 201 21
251 207 50
60 59 69
29 38 78
32 40 76
37 47 89
47 60 116
42 61 118
106 29 42
108 23 33
107 24 34
107 24 34
107 24 34
107 24 34
107 24 34
107 24 34
107 24 34
107 24 34
158 33 43
157 33 44
157 33 44
157 33 44
157 33 44
157 33 44
157 33 44
157 33 44
157 33 44
157 33 44
157 33 44
157 33 44
157 33 44
157 33 44
157 30 42
148 68 78
245 206 47
245 201 32
254 202 0
253 202 0
253 202 0
253 202 0
253 202 0
253 202 0
253 202 0
253 202 0
253 202 0
253 202 0
253 203 0
255 208 0
255 210 0
255 208 0
254 203 0
255 206 0
255 210 0
255 209 0
254 204 0
253 203 0
255 206 0
255 210 0
255 207 0
254 204 0
255 208 0
255 209 0
254 205 0
253 202 0
253 202 0
253 202 0
253 202 0
253 202 0
253 202 0
253 202 0
254 202 0
249 202 17
248 205 53
127 111 55
25 35 78
32 40 77
31 40 76
46 57 111
47 59 114
47 59 115
45 59 115
112 25 33
107 24 33
107 24 34
107 24 34
107 24 34
107 24 34
107 24 34
107 24 34
107 24 34
83 44 87
163 32 41
157 33 44
157 33 44
157 33 44
157 33 44
157 33 44
157 33 44
157 33 44
157 33 44
157 33 44
157 33 44
157 33 44
157 33 44
157 33 44
157 28 41
144 93 89
246 205 46
245 200 36
254 202 0
253 202 0
253 202 0
253 202 0
253 202 0
253 202 0
253 202 0
253 202 0
253 202 0
253 202 0
253 202 0
253 202 0
253 202 0
253 202 0
253 202 0
253 202 0
253 202 0
253 202 0
253 202 0
253 202 0
253 202 0
253 202 0
253 202 0
253 202 0
253 202 0
253 202 0
253 202 0
253 202 0
253 202 0
253 202 0
253 202 0
253 202 0
254 202 0
248 201 20
248 205 54
144 124 51
22 33 79
31 40 77
31 39 76
39 49 95
47 60 115
47 59 114
47 59 114
46 59 115
51 57 108
112 24 31
107 24 34
107 24 34
107 24 34
107 24 34
107 24 34
107 24 34
107 24 34
32 49 112
105 40 74
161 32 42
157 33 44
157 33 44
157 33 44
157 33 44
157 33 44
157 33 44
157 33 44
157 33 44
157 33 44
157 33 44
157 33 44
157 33 44
157 33 44
158 27 40
122 93 103
243 202 42
244 201 44
252 201 6
253 202 0
253 202 0
253 202 0
253 202 0
253 202 0
253 202 0
253 202 0
253 202 0
253 202 0
253 202 0
253 202 0
253 202 0
253 202 0
253 202 0
253 202 0
253 202 0
253 202 0
253 202 0
253 202 0
253 202 0
253 202 0
253 202 0
253 202 0
253 202 0
253 202 0
253 202 0
253 202 0
253 202 0
253 202 0
253 202 0
245 200 34
251 206 50
127 111 55
22 33 79
31 40 77
32 40 76
35 43 83
48 60 115
47 59 114
47 59 114
47 59 114
47 59 114
46 60 116
63 51 95
112 22 29
107 24 34
107 24 34
107 24 34
107 24 34
107 24 34
107 24 34
38 48 109
32 49 113
125 38 62
160 33 42
157 33 44
157 33 44
157 33 44
157 33 44
157 33 44
157 33 44
157 33 44
157 33 44
157 33 44
157 33 44
157 33 44
157 33 44
157 33 44
159 29 40
78 70 125
216 180 42
245 203 53
246 201 28
253 202 1
253 202 0
253 202 0
253 202 0
253 202 0
253 202 0
253 202 0
253 202 0
253 202 0
253 202 0
253 202 0
253 202 0
253 202 0
253 202 0
253 202 0
253 202 0
253 202 0
253 202 0
253 202 0
253 202 0
253 202 0
253 202 0
253 202 0
253 202 0
253 202 0
253 202 0
254 202 0
248 201 20
244 202 51
242 199 42
66 65 68
25 35 78
31 40 77
32 40 76
33 42 80
47 59 113
47 59 114
47 59 114
47 59 114
47 59 114
47 59 114
47 59 114
45 60 117
77 46 80
109 22 30
107 24 34
107 24 34
107 24 34
107 24 34
107 24 34
38 48 109
37 48 109
37 49 111
141 35 53
159 33 43
157 33 44
157 33 44
157 33 44
157 33 44
157 33 44
157 33 44
157 33 44
157 33 44
157 33 44
157 33 44
157 33 44
157 33 44
157 33 43
160 32 45
65 70 140
120 107 67
240 198 43
246 203 53
247 201 32
251 201 9
254 202 0
253 202 0
253 202 0
253 202 0
253 202 0
253 202 0
253 202 0
253 202 0
253 202 0
253 202 0
253 202 0
253 202 0
253 202 0
253 202 0
253 202 0
253 202 0
253 202 0
253 202 0
253 202 0
253 202 0
254 202 0
252 202 3
247 201 26
246 202 50
249 206 47
160 131 44
17 29 80
29 38 78
32 40 77
32 40 76
34 42 81
46 58 112
47 59 114
47 59 114
47 59 114
47 59 114
47 59 114
47 59 114
47 59 114
47 59 114
44 61 118
91 37 63
108 23 31
107 24 34
107 24 34
107 24 34
107 24 34
38 48 109
38 48 109
37 48 110
46 48 106
152 33 46
158 33 43
157 33 44
157 33 44
157 33 44
157 33 44
157 33 44
157 33 44
157 33 44
157 33 44
157 33 44
157 33 44
157 33 44
157 33 44
158 32 43
155 38 54
70 82 152
35 45 97
118 105 69
225 185 43
248 206 52
245 202 49
247 202 33
249 201 20
252 201 7
254 202 0
254 202 0
254 202 0
253 202 0
253 202 0
253 202 0
253 202 0
253 202 0
253 202 0
253 202 0
254 202 0
254 202 0
254 202 0
252 201 5
250 201 16
248 201 29
246 203 45
248 206 55
236 194 43
148 125 42
10 17 61
13 21 60
42 36 68
31 40 77
31 39 75
37 45 87
47 59 113
47 59 114
47 59 114
47 59 114
47 59 114
47 59 114
47 59 114
47 59 114
47 59 114
47 59 114
47 59 114
43 61 119
102 32 48
108 23 32
107 24 34
107 24 34
107 24 34
38 48 109
38 48 109
38 48 109
36 48 110
59 47 100
159 33 43
158 33 44
157 33 44
157 33 44
157 33 44
157 33 44
157 33 44
157 33 44
157 33 44
157 33 44
157 33 44
157 33 44
157 33 44
157 33 44
158 32 42
148 48 70
76 91 163
49 58 106
39 46 94
50 55 92
149 129 61
214 178 46
244 201 44
248 205 52
246 204 55
245 202 49
244 202 46
246 200 27
254 202 0
253 202 0
253 202 0
253 202 0
253 202 0
250 201 14
244 201 46
247 203 50
246 204 55
249 206 54
248 203 47
223 184 42
160 134 43
51 51 54
9 18 61
15 22 61
20 26 60
21 27 60
19 26 58
41 39 73
41 53 101
48 60 116
47 59 114
47 59 114
47 59 114
47 59 114
47 59 114
47 59 114
47 59 114
47 59 114
47 59 114
47 59 114
47 59 114
47 59 114
44 60 116
110 27 38
107 23 33
107 24 34
107 24 34
38 48 109
38 48 109
38 48 109
38 48 109
35 48 111
76 45 90
164 32 40
157 33 44
157 33 44
157 33 44
157 33 44
157 33 44
157 33 44
157 33 44
157 33 44
157 33 44
157 33 44
157 33 44
157 33 44
157 33 44
159 31 40
136 57 92
78 93 165
65 73 127
52 58 104
43 49 93
40 47 95
39 46 96
42 50 96
91 85 78
125 110 69
163 138 57
249 205 49
245 200 34
254 202 0
253 202 0
254 202 0
248 200 21
246 204 54
188 157 41
120 103 45
86 76 49
21 28 58
9 18 61
11 19 61
14 22 61
19 25 60
21 27 60
21 27 60
21 27 59
21 27 60
26 33 74
35 40 87
55 60 111
47 59 114
47 59 114
47 59 114
47 59 114
47 59 114
47 59 114
47 59 114
47 59 114
47 59 114
47 59 114
47 59 114
47 59 114
47 59 114
46 59 115
48 58 112
113 25 33
107 24 33
107 24 34
38 48 109
38 48 109
38 48 109
38 48 109
38 48 109
33 49 112
96 41 78
162 32 41
157 33 44
157 33 44
157 33 44
157 33 44
157 33 44
157 33 44
157 33 44
157 33 44
157 33 44
157 33 44
157 33 44
157 33 44
157 33 44
160 30 38
120 72 118
74 88 156
71 81 141
68 76 134
59 66 115
51 57 99
47 52 92
46 51 93
44 50 94
41 48 96
84 79 80
248 204 43
243 200 44
252 203 1
246 201 31
250 207 51
124 107 48
8 17 61
15 23 61
17 24 60
20 26 60
21 27 60
21 27 59
21 27 59
21 27 59
22 26 59
24 30 67
28 35 80
32 40 89
31 39 89
30 39 88
43 42 88
48 60 114
47 59 114
47 59 114
47 59 114
47 59 114
47 59 114
47 59 114
47 59 114
47 59 114
47 59 114
47 59 114
47 59 114
47 59 114
47 59 114
46 60 115
57 54 101
112 22 30
107 24 34
38 48 109
38 48 109
38 48 109
38 48 109
38 48 109
38 48 109
32 49 112
118 39 67
161 33 42
157 33 44
157 33 44
157 33 44
157 33 44
157 33 44
157 33 44
157 33 44
157 33 44
157 33 44
157 33 44
157 33 44
157 33 44
157 33 44
161 29 38
107 83 142
73 85 149
71 80 140
72 81 141
72 81 142
69 78 136
63 71 124
59 66 115
54 61 107
49 55 102
55 59 92
234 192 41
245 203 54
248 204 44
97 91 77
45 48 94
21 27 62
21 27 59
22 26 60
23 29 63
24 30 66
25 31 70
27 33 75
29 36 82
32 40 89
31 39 89
31 39 88
31 39 88
31 39 88
31 39 88
30 38 88
52 45 90
47 60 116
47 59 114
47 59 114
47 59 114
47 59 114
47 59 114
47 59 114
47 59 114
47 59 114
47 59 114
47 59 114
47 59 114
47 59 114
47 59 114
45 60 116
70 48 87
110 22 30
38 48 109
38 48 109
38 48 109
38 48 109
38 48 109
38 48 109
37 48 109
33 49 112
135 36 57
159 33 43
157 33 44
157 33 44
157 33 44
157 33 44
157 33 44
157 33 44
157 33 44
157 33 44
157 33 44
157 33 44
157 33 44
157 33 44
157 33 43
161 31 39
96 90 157
71 82 144
71 80 140
71 80 140
71 80 140
71 80 141
72 81 141
72 81 142
72 81 142
71 81 144
46 56 118
163 139 54
56 58 90
45 51 95
49 54 95
51 50 88
21 27 61
30 37 85
31 40 89
31 39 89
31 39 89
31 39 89
31 39 88
31 39 88
31 39 88
31 39 88
31 39 88
31 39 88
31 39 88
31 39 88
29 38 87
58 49 94
46 60 116
47 59 114
47 59 114
47 59 114
47 59 114
47 59 114
47 59 114
47 59 114
47 59 114
47 59 114
47 59 114
47 59 114
47 59 114
47 59 114
44 60 117
87 40 69
38 48 109
38 48 109
38 48 109
38 48 109
38 48 109
38 48 109
38 48 109
37 48 109
41 49 109
148 34 49
159 33 43
157 33 44
157 33 44
157 33 44
157 33 44
157 33 44
157 33 44
157 33 44
157 33 44
157 33 44
157 33 44
157 33 44
157 33 44
158 32 43
157 34 47
89 95 166
70 81 141
71 80 140
71 80 140
71 80 140
71 80 140
71 80 140
71 80 140
71 80 140
71 81 142
58 67 124
46 53 94
49 54 93
48 53 92
55 61 105
69 68 123
28 37 86
31 39 88
31 39 88
31 39 88
31 39 88
31 39 88
31 39 88
31 39 88
31 39 88
31 39 88
31 39 88
31 39 88
31 39 88
31 39 88
29 38 87
63 51 99
46 60 115
47 59 114
47 59 114
47 59 114
47 59 114
47 59 114
47 59 114
47 59 114
47 59 114
47 59 114
47 59 114
47 59 114
47 59 114
47 59 114
45 60 116
38 48 109
38 48 109
38 48 109
38 48 109
38 48 109
38 48 109
38 48 109
38 48 109
36 48 110
52 48 104
157 33 44
158 33 44
157 33 44
157 33 44
157 33 44
157 33 44
157 33 44
157 33 44
157 33 44
157 33 44
157 33 44
157 33 44
157 33 44
157 33 44
158 32 42
151 41 59
82 96 168
71 79 139
71 80 140
71 80 140
71 80 140
71 80 140
71 80 140
71 80 140
71 80 140
72 81 141
67 75 132
49 55 96
59 66 116
72 82 143
72 82 142
60 61 116
29 37 86
31 39 88
31 39 88
27 37 90
25 35 91
24 35 91
25 35 91
25 35 91
25 35 91
25 35 91
25 35 91
25 35 91
25 35 91
24 35 91
22 34 90
55 52 106
41 56 118
41 55 118
41 55 118
41 55 118
41 55 118
41 55 118
43 57 116
47 59 114
47 59 114
47 59 114
47 59 114
47 59 114
47 59 114
47 59 114
38 48 109
38 48 109
38 48 109
38 48 109
38 48 109
38 48 109
38 48 109
38 48 109
38 48 109
35 48 110
67 46 96
162 32 41
157 33 44
157 33 44
157 33 44
157 33 44
157 33 44
157 33 44
157 33 44
157 33 44
157 33 44
157 33 44
157 33 44
157 33 44
157 33 44
159 31 41
141 50 80
78 95 167
70 79 139
71 80 140
71 80 140
71 80 140
71 80 140
71 80 140
71 80 140
71 80 140
71 80 141
72 80 141
72 81 141
71 80 140
71 80 140
73 82 143
51 54 107
29 38 86
27 36 90
107 90 55
148 117 37
165 127 29
153 120 34
153 119 34
153 118 34
153 118 34
153 118 34
153 119 34
153 120 34
153 119 34
153 116 34
153 118 33
164 127 41
160 127 44
159 126 44
159 125 44
158 125 44
181 141 31
118 102 69
40 54 119
47 59 114
47 59 114
47 59 114
47 59 114
47 59 114
47 59 114
38 48 109
38 48 109
38 48 109
38 48 109
38 48 109
38 48 109
38 48 109
38 48 109
38 48 109
38 48 109
34 48 111
85 43 85
163 32 41
157 33 44
157 33 44
157 33 44
157 33 44
157 33 44
157 33 44
157 33 44
157 33 44
157 33 44
157 33 44
157 33 44
157 33 44
157 33 44
160 31 39
126 65 106
76 91 160
70 79 139
71 80 140
71 80 140
71 80 140
71 80 140
71 80 140
71 80 140
71 80 140
71 80 140
71 80 140
71 80 140
71 80 140
71 80 140
74 83 142
41 48 100
24 34 90
159 125 30
231 174 0
236 188 0
236 188 0
236 184 0
234 179 0
235 182 0
235 182 0
237 187 0
235 183 0
232 172 0
237 187 0
233 175 0
234 180 0
237 187 0
234 178 0
235 184 0
233 177 0
233 176 0
241 185 0
126 106 64
39 54 119
47 59 114
47 59 114
47 59 114
47 59 114
47 59 114
38 48 109
38 48 109
38 48 109
38 48 109
38 48 109
38 48 109
38 48 109
38 48 109
38 48 109
38 48 109
38 48 109
32 49 112
107 40 72
161 32 42
157 33 44
157 33 44
157 33 44
157 33 44
157 33 44
157 33 44
157 33 44
157 33 44
157 33 44
157 33 44
157 33 44
157 33 44
157 33 44
161 30 37
112 78 133
74 87 154
70 80 139
71 80 140
71 80 140
71 80 140
71 80 140
71 80 140
71 80 140
71 80 140
71 80 140
71 80 140
71 80 140
71 80 140
71 80 140
76 79 138
28 39 96
153 120 33
224 169 3
234 191 1
231 180 0
236 196 33
254 253 241
255 255 242
255 255 255
245 222 147
225 161 0
251 241 182
255 255 255
255 255 254
233 190 2
234 192 17
254 253 247
254 253 236
254 255 245
242 215 93
232 184 0
240 183 0
128 107 63
39 54 119
47 59 114
47 59 114
47 59 114
47 59 114
38 48 109
38 48 109
38 48 109
38 48 109
38 48 109
38 48 109
38 48 109
38 48 109
38 48 109
38 48 109
38 48 109
38 48 109
32 49 113
126 38 62
160 33 42
157 33 44
157 33 44
157 33 44
157 33 44
157 33 44
157 33 44
157 33 44
157 33 44
157 33 44
157 33 44
157 33 44
157 33 44
157 33 43
160 30 38
102 87 151
73 83 147
71 80 140
71 80 140
71 80 140
71 80 140
71 80 140
71 80 140
71 80 140
71 80 140
71 80 140
71 80 140
71 80 140
71 80 140
71 81 141
69 72 137
152 120 32
224 169 2
234 188 1
229 175 0
239 206 69
255 255 255
235 186 64
238 197 83
230 170 3
243 215 136
255 255 255
233 183 42
248 231 194
234 187 39
238 201 50
255 255 255
231 173 21
243 218 150
254 252 254
230 177 0
234 191 0
240 183 0
128 107 63
39 54 119
47 59 114
47 59 114
47 59 114
38 48 109
38 48 109
38 48 109
38 48 109
38 48 109
38 48 109
38 48 109
38 48 109
38 48 109
38 48 109
38 48 109
38 48 109
37 48 109
37 49 110
142 35 53
159 33 43
157 33 44
157 33 44
157 33 44
157 33 44
157 33 44
157 33 44
157 33 44
157 33 44
157 33 44
157 33 44
157 33 44
157 33 44
157 33 43
160 32 42
93 93 163
71 82 144
71 80 140
71 80 140
71 80 140
71 80 140
71 80 140
71 80 140
71 80 140
71 80 140
71 80 140
71 80 140
71 80 140
71 80 140
66 78 145
169 132 48
223 169 3
234 188 1
229 176 0
237 199 49
255 255 255
253 250 235
235 189 72
219 134 0
255 255 244
240 204 125
219 138 0
223 149 0
222 144 0
238 197 66
255 255 255
247 224 170
255 255 255
247 228 179
225 152 0
232 182 0
235 196 1
240 183 0
130 107 63
39 54 119
47 59 114
47 59 114
38 48 109
38 48 109
38 48 109
38 48 109
38 48 109
38 48 109
38 48 109
38 48 109
38 48 109
38 48 109
38 48 109
38 48 109
38 48 109
37 48 110
46 48 106
153 33 46
158 33 43
157 33 44
157 33 44
157 33 44
157 33 44
157 33 44
157 33 44
157 33 44
157 33 44
157 33 44
157 33 44
157 33 44
157 33 44
158 32 42
155 37 53
85 96 170
70 79 140
71 80 140
71 80 140
71 80 140
71 80 140
71 80 140
71 80 140
71 80 140
71 80 140
71 80 140
71 80 140
71 80 140
66 77 145
171 137 52
227 172 3
234 190 1
229 175 0
239 203 60
254 254 255
241 208 119
233 184 33
224 152 0
254 253 240
244 221 154
218 130 0
231 172 10
228 165 0
238 199 85
254 250 245
226 159 0
234 187 50
255 255 255
233 179 31
226 158 0
233 183 1
235 196 1
240 183 0
133 110 61
39 54 119
47 59 114
34 48 111
38 48 109
38 48 109
38 48 109
38 48 109
38 48 109
38 48 109
38 48 109
38 48 109
38 48 109
38 48 109
38 48 109
38 48 109
38 48 109
36 48 110
60 47 99
160 33 42
158 33 44
157 33 44
157 33 44
157 33 44
157 33 44
157 33 44
157 33 44
157 33 44
157 33 44
157 33 44
157 33 44
157 33 44
157 33 44
158 32 41
146 47 70
80 97 170
71 79 139
71 80 140
71 80 140
71 80 140
71 80 140
71 80 140
71 80 140
71 80 140
71 80 140
71 80 140
71 80 140
66 77 144
174 138 50
229 173 2
234 190 0
229 176 0
241 211 83
254 254 255
223 149 0
227 161 0
226 158 0
239 199 87
255 255 255
249 234 189
255 255 255
234 184 42
233 182 31
255 255 255
243 215 134
249 237 198
255 254 255
230 172 1
228 164 0
230 168 0
232 182 1
236 195 1
240 183 0
131 108 62
38 54 119
130 42 75
26 43 115
30 42 114
30 42 114
30 42 114
30 42 114
30 42 114
30 42 114
30 42 114
30 42 114
30 42 114
30 42 114
30 42 114
30 42 114
29 42 114
26 42 115
69 39 94
158 26 44
154 26 46
154 26 46
154 26 46
154 26 46
154 26 46
154 26 46
154 26 46
154 26 46
154 26 46
154 26 46
154 26 46
154 26 46
154 26 46
156 24 42
131 51 95
73 88 171
64 75 145
64 75 146
64 75 146
64 75 146
64 75 146
64 75 146
64 75 146
64 75 146
64 75 146
64 75 146
62 75 147
86 87 127
138 117 81
235 179 0
232 185 0
236 197 35
241 206 118
229 169 0
230 171 0
230 173 0
224 155 0
238 197 85
253 250 241
241 211 123
227 160 0
231 176 10
243 218 142
247 233 191
246 228 170
231 175 22
227 162 0
230 174 0
230 171 0
229 168 0
232 182 1
236 196 1
240 183 0
128 106 63
194 66 45
215 168 14
201 165 21
201 164 21
201 164 21
201 164 21
201 164 21
201 164 21
201 164 21
201 164 21
201 164 21
201 164 21
201 164 21
201 164 21
201 164 21
201 164 21
198 165 22
209 164 17
222 162 9
222 162 10
222 162 10
222 162 10
222 162 10
222 162 10
222 162 10
222 162 10
222 162 10
222 162 10
222 162 10
222 162 10
222 162 10
222 162 9
223 160 6
216 168 21
208 172 29
206 169 25
206 169 26
206 169 26
206 169 26
206 169 26
206 169 26
206 169 26
206 169 26
206 169 26
206 169 26
205 169 27
201 167 30
212 165 17
233 178 0
233 188 0
228 169 0
230 169 0
230 171 0
230 173 0
230 173 0
226 157 0
223 150 0
225 154 0
230 174 0
229 170 0
224 152 0
224 151 0
224 150 0
228 163 0
231 175 0
230 172 0
230 172 0
230 171 0
230 168 0
232 183 1
235 196 0
227 173 4
191 71 45
238 195 0
236 189 2
236 189 2
236 189 2
236 189 2
236 189 2
236 189 2
236 189 2
236 189 2
236 189 2
236 189 2
236 189 2
236 189 2
236 189 2
236 189 2
236 189 2
235 190 2
235 190 3
235 190 3
235 190 3
235 190 3
235 190 3
235 190 3
235 190 3
235 190 3
235 190 3
235 190 3
235 190 3
235 190 3
235 190 3
235 190 3
235 190 2
235 189 2
236 189 1
236 189 2
236 189 2
236 189 2
236 189 2
236 189 2
236 189 2
236 189 2
236 189 2
236 189 2
236 189 2
236 189 2
236 189 2
235 189 2
232 177 2
231 176 0
235 196 1
233 186 1
230 169 0
230 170 0
230 172 0
230 173 0
230 173 0
230 173 0
230 172 0
230 172 0
230 173 0
230 173 0
230 173 0
230 172 0
230 172 0
230 172 0
230 172 0
230 172 0
230 171 0
230 168 0
233 183 1
224 185 7
191 70 45
236 194 1
234 188 3
234 188 3
234 188 3
234 188 3
234 188 3
234 188 3
234 188 3
234 188 3
234 188 3
234 188 3
234 188 3
234 188 3
234 188 3
234 188 3
234 188 3
234 188 3
234 188 3
234 188 3
234 188 3
234 188 3
234 188 3
234 188 3
234 188 3
234 188 3
234 188 3
234 188 3
234 188 3
234 188 3
234 188 3
234 188 3
234 188 3
234 188 3
234 188 3
234 188 3
234 188 3
234 188 3
234 188 3
234 188 3
234 188 3
234 188 3
234 188 3
234 188 3
234 188 3
234 188 3
234 188 3
234 188 3
234 189 3
232 179 2
231 176 0
234 192 1
232 186 1
230 173 0
230 172 0
230 173 0
230 173 0
230 173 0
230 173 0
230 173 0
230 173 0
230 173 0
230 173 0
230 173 0
230 173 0
230 173 0
230 173 0
230 173 0
230 173 0
230 172 0
231 168 0
212 168 14
