72 72
0 0 0
0 0 0
0 0 0
0 0 0
0 0 0
0 0 0
0 0 0
0 0 0
0 0 0
0 0 0
0 0 0
0 0 0
0 0 0
0 0 0
0 0 0
0 0 0
0 0 0
0 0 0
0 0 0
0 0 0
0 0 0
0 0 0
0 0 0
0 0 0
0 0 0
0 0 0
0 0 0
0 0 0
0 0 0
0 0 0
0 0 0
0 0 0
0 0 0
0 0 0
0 0 0
0 0 0
0 0 0
0 0 0
0 0 0
0 0 0
0 0 0
0 0 0
0 0 0
0 0 0
0 0 0
0 0 0
0 0 0
0 0 0
0 0 0
0 0 0
0 0 0
0 0 0
0 0 0
0 0 0
0 0 0
0 0 0
0 0 0
0 0 0
0 0 0
0 0 0
0 0 0
0 0 0
0 0 0
0 0 0
0 0 0
0 0 0
0 0 0
0 0 0
0 0 0
0 0 0
0 0 0
0 0 0
0 0 0
0 0 0
0 0 0
0 0 0
0 0 0
0 0 0
0 0 0
0 0 0
0 0 0
0 0 0
0 0 0
0 0 0
0 0 0
0 0 0
0 0 0
0 0 0
0 0 0
0 0 0
0 0 0
0 0 0
0 0 0
0 0 0
0 0 0
0 0 0
145 145 145
70 68 73
148 141 148
0 0 0
0 0 0
0 0 0
0 0 0
0 0 0
0 0 0
0 0 0
0 0 0
0 0 0
0 0 0
0 0 0
0 0 0
0 0 0
0 0 0
0 0 0
0 0 0
0 0 0
0 0 0
183 183 183
78 76 80
138 138 138
0 0 0
0 0 0
0 0 0
0 0 0
0 0 0
0 0 0
0 0 0
0 0 0
0 0 0
0 0 0
0 0 0
0 0 0
0 0 0
0 0 0
0 0 0
0 0 0
0 0 0
0 0 0
0 0 0
0 0 0
0 0 0
0 0 0
0 0 0
0 0 0
0 0 0
0 0 0
0 0 0
0 0 0
0 0 0
0 0 0
0 0 0
0 0 0
0 0 0
0 0 0
0 0 0
0 0 0
0 0 0
0 0 0
0 0 0
0 0 0
0 0 0
0 0 0
0 0 0
0 0 0
0 0 0
0 0 0
0 0 0
92 90 92
34 33 44
16 16 34
39 36 49
91 89 91
0 0 0
0 0 0
0 0 0
0 0 0
0 0 0
0 0 0
0 0 0
0 0 0
0 0 0
0 0 0
0 0 0
0 0 0
0 0 0
0 0 0
0 0 0
0 0 0
110 107 110
44 43 54
16 16 34
35 34 48
83 83 85
255 255 255
0 0 0
0 0 0
0 0 0
0 0 0
0 0 0
0 0 0
0 0 0
0 0 0
0 0 0
0 0 0
0 0 0
0 0 0
0 0 0
0 0 0
0 0 0
0 0 0
0 0 0
0 0 0
0 0 0
0 0 0
0 0 0
0 0 0
0 0 0
0 0 0
0 0 0
0 0 0
0 0 0
0 0 0
0 0 0
120 120 120
89 86 89
254 254 254
0 0 0
0 0 0
0 0 0
0 0 0
0 0 0
0 0 0
0 0 0
0 0 0
0 0 0
0 0 0
163 163 163
80 80 82
40 40 54
18 18 39
59 49 20
145 119 11
63 52 19
16 16 37
49 49 62
105 105 108
255 255 255
0 0 0
0 0 0
0 0 0
0 0 0
0 0 0
0 0 0
0 0 0
0 0 0
0 0 0
0 0 0
0 0 0
113 109 113
56 55 66
18 18 39
52 43 21
144 119 11
68 56 18
18 18 37
31 30 46
71 68 73
146 146 146
0 0 0
0 0 0
0 0 0
0 0 0
0 0 0
0 0 0
0 0 0
0 0 0
0 0 0
0 0 0
255 255 255
99 96 99
101 101 107
0 0 0
0 0 0
0 0 0
0 0 0
0 0 0
0 0 0
0 0 0
0 0 0
0 0 0
0 0 0
0 0 0
0 0 0
0 0 0
255 255 255
55 54 59
21 21 37
27 27 44
37 36 50
72 70 77
53 49 57
68 68 72
68 63 72
63 59 68
34 34 42
85 83 92
47 46 58
36 36 51
27 28 47
20 19 35
49 41 22
134 111 11
223 182 1
249 204 0
224 184 1
130 107 11
38 33 25
18 18 38
33 33 49
66 64 72
74 74 78
133 133 133
255 255 255
0 0 0
0 0 0
255 255 255
153 153 165
78 78 83
64 62 71
31 31 47
20 20 40
34 29 26
119 98 12
218 178 2
250 204 0
228 186 0
144 119 10
56 47 22
21 20 34
22 23 42
35 35 52
46 44 56
82 80 87
41 37 45
59 59 68
68 63 72
68 68 72
51 46 55
75 73 82
44 43 57
32 32 49
22 21 39
49 47 54
204 204 187
0 0 0
0 0 0
0 0 0
0 0 0
0 0 0
0 0 0
0 0 0
0 0 0
0 0 0
0 0 0
0 0 0
0 0 0
63 63 68
22 20 31
107 88 13
90 74 17
47 40 25
29 27 33
21 20 34
23 22 37
23 22 37
24 23 36
20 19 31
28 26 34
40 35 27
58 49 22
100 83 14
162 134 8
222 182 1
248 203 0
238 199 0
213 184 0
238 198 0
247 202 0
212 173 2
134 110 11
63 53 20
28 25 31
18 18 36
18 18 36
45 45 62
19 19 39
17 17 35
46 46 63
20 20 41
18 19 37
27 25 32
59 49 22
126 104 12
206 168 3
246 201 0
242 201 0
212 178 0
234 190 0
249 203 0
226 185 0
169 138 7
106 87 14
61 51 21
41 35 26
29 26 34
20 19 31
23 22 36
23 23 37
23 22 37
21 20 34
28 25 33
44 38 25
83 68 17
114 94 12
25 22 28
59 57 63
0 0 0
0 0 0
0 0 0
0 0 0
0 0 0
0 0 0
0 0 0
0 0 0
0 0 0
0 0 0
0 0 0
69 69 72
25 24 39
103 85 14
244 200 0
238 194 0
217 178 1
188 154 5
165 136 7
153 126 8
156 128 8
161 132 7
169 139 7
184 151 5
208 170 2
227 186 0
245 200 0
250 206 0
237 200 0
197 173 0
145 108 15
126 57 32
148 114 14
206 180 0
243 200 0
249 203 0
230 188 0
189 155 5
146 120 10
115 94 14
77 63 15
73 60 21
73 61 22
75 62 16
110 91 14
143 118 10
184 151 5
227 186 0
248 203 0
245 201 0
211 184 0
150 118 12
131 83 24
146 123 11
190 154 5
234 195 0
250 206 0
246 202 0
229 187 0
210 172 2
186 153 5
171 140 7
161 132 7
156 129 8
153 126 8
164 135 8
185 151 5
214 175 2
236 193 0
248 203 0
120 98 12
21 20 35
64 62 66
0 0 0
0 0 0
0 0 0
0 0 0
0 0 0
0 0 0
0 0 0
0 0 0
0 0 0
166 166 166
35 34 44
49 41 20
228 187 0
232 190 0
225 184 0
236 192 0
243 197 0
247 201 0
249 203 0
249 203 0
248 202 0
247 201 0
244 198 0
235 190 0
221 178 0
197 165 0
168 144 8
138 95 20
139 48 38
186 32 54
225 39 58
181 32 52
133 57 36
147 121 21
188 153 0
225 181 0
244 199 0
251 205 0
248 203 0
241 197 0
236 193 0
236 193 0
241 197 0
247 202 0
252 206 0
247 206 0
228 188 0
192 156 4
150 124 11
132 62 32
172 19 56
238 112 36
223 211 3
160 140 11
140 101 18
165 136 8
195 169 1
219 179 0
234 190 0
244 201 0
247 207 0
249 207 0
249 204 0
249 203 0
247 202 0
244 199 0
237 193 0
226 185 0
230 188 0
237 194 0
64 53 17
34 33 46
144 144 144
0 0 0
0 0 0
0 0 0
0 0 0
0 0 0
0 0 0
0 0 0
0 0 0
169 169 169
61 58 65
27 24 28
171 141 7
242 198 0
220 179 1
128 108 25
149 130 51
163 137 27
165 137 17
165 137 17
165 138 21
157 132 30
148 127 41
147 129 58
150 145 98
155 104 92
164 27 41
201 34 56
228 44 57
226 48 55
219 47 54
227 46 53
225 42 57
211 180 196
167 171 165
144 130 79
153 130 31
171 138 0
184 148 0
195 156 0
206 166 0
207 168 2
196 158 4
187 157 3
173 149 5
152 112 15
142 112 15
164 152 9
206 163 12
224 48 55
225 32 60
232 113 34
255 242 0
255 241 0
215 84 41
166 21 54
149 59 37
150 127 12
148 127 11
145 114 14
154 114 15
162 126 11
164 135 9
165 136 8
162 134 9
153 127 11
126 105 14
213 174 2
241 198 0
186 153 5
33 28 26
54 54 62
165 165 165
0 0 0
0 0 0
0 0 0
0 0 0
0 0 0
0 0 0
0 0 0
0 0 0
0 0 0
198 198 184
36 36 49
48 40 22
220 180 1
241 196 0
143 119 24
186 192 221
226 229 241
215 217 229
214 216 228
219 222 234
227 229 243
231 234 248
240 243 255
255 255 255
249 163 171
225 29 38
222 48 54
219 47 54
219 47 54
219 47 54
219 45 52
218 43 50
255 221 222
255 255 255
250 253 255
225 228 243
190 191 197
172 170 166
161 158 148
135 130 117
130 112 15
162 154 10
161 98 25
160 28 50
187 22 57
238 163 18
255 253 0
255 206 6
220 52 52
216 31 59
232 113 34
255 236 0
255 231 0
232 95 40
224 30 61
234 70 49
255 219 2
242 229 2
215 122 28
192 20 59
187 28 55
205 146 18
214 198 4
224 202 4
199 176 7
135 113 12
236 193 0
229 188 0
62 52 19
32 29 48
148 148 139
0 0 0
0 0 0
0 0 0
0 0 0
0 0 0
0 0 0
0 0 0
0 0 0
0 0 0
0 0 0
0 0 0
88 84 88
17 17 38
124 101 12
246 201 0
207 166 0
154 147 120
255 255 255
255 255 255
255 255 255
255 255 255
255 255 255
255 255 255
255 255 255
255 255 255
238 157 160
216 30 37
219 47 54
219 47 54
219 47 54
219 47 54
219 45 52
218 44 51
248 214 215
255 255 255
255 255 255
255 255 255
255 255 255
255 255 255
255 255 255
211 214 234
199 175 10
255 255 0
249 145 26
226 31 61
222 38 58
246 169 17
255 242 0
250 199 7
220 52 52
216 31 59
232 113 34
255 236 0
255 231 0
229 94 40
215 30 59
224 70 47
255 217 2
255 243 0
242 140 26
220 32 60
223 40 57
252 179 15
255 241 0
255 239 0
162 141 11
197 160 3
248 203 0
143 118 10
15 15 35
80 78 80
0 0 0
0 0 0
0 0 0
0 0 0
0 0 0
0 0 0
0 0 0
0 0 0
0 0 0
0 0 0
0 0 0
0 0 0
0 0 0
54 51 64
39 32 24
211 173 2
243 197 0
149 125 23
220 223 237
255 255 255
255 255 255
255 255 255
255 255 255
255 255 255
255 255 255
255 255 255
238 157 160
216 30 37
219 47 54
219 47 54
219 47 54
219 47 54
219 45 52
218 44 51
248 214 215
255 255 255
255 255 255
255 255 255
255 255 255
255 255 255
255 255 255
204 205 218
193 169 10
255 247 0
238 140 26
216 32 59
217 37 57
244 168 17
255 242 0
250 199 7
220 52 52
216 31 59
232 113 34
255 236 0
255 231 0
229 94 40
215 30 59
224 70 47
254 217 2
255 240 0
238 138 26
216 32 59
218 40 56
245 174 15
255 238 0
232 204 3
145 121 11
238 193 0
222 181 1
49 40 21
46 46 59
255 255 255
0 0 0
0 0 0
0 0 0
0 0 0
0 0 0
0 0 0
0 0 0
0 0 0
0 0 0
0 0 0
0 0 0
0 0 0
0 0 0
103 99 103
19 20 39
137 112 10
249 204 0
186 150 0
169 167 162
255 255 255
255 255 255
255 255 255
255 255 255
255 255 255
255 255 255
255 255 255
238 157 160
216 30 37
219 47 54
219 47 54
219 47 54
219 47 54
219 45 52
218 44 51
248 214 215
255 255 255
255 255 255
255 255 255
255 255 255
255 255 255
255 255 255
204 205 218
193 169 10
255 247 0
238 140 26
216 32 59
217 37 57
244 168 17
255 242 0
250 199 7
220 52 52
216 31 59
232 113 34
255 236 0
255 231 0
229 94 40
215 30 59
224 70 47
254 217 2
255 240 0
238 138 26
216 32 59
218 40 56
245 174 15
255 245 0
180 158 9
176 143 6
250 204 0
155 127 8
19 18 36
89 86 89
0 0 0
0 0 0
0 0 0
0 0 0
0 0 0
0 0 0
0 0 0
0 0 0
0 0 0
0 0 0
0 0 0
0 0 0
0 0 0
0 0 0
255 255 255
35 35 50
66 54 19
232 190 0
223 179 0
147 134 84
251 255 255
255 255 255
255 255 255
255 255 255
255 255 255
255 255 255
255 255 255
238 159 162
216 30 37
219 47 54
219 47 54
219 47 54
219 47 54
219 45 52
218 44 51
249 217 218
255 255 255
255 255 255
255 255 255
255 255 255
255 255 255
255 255 255
205 209 221
193 169 10
255 247 0
238 140 26
216 32 59
217 37 57
244 168 17
255 242 0
250 199 7
220 52 52
216 31 59
232 113 34
255 236 0
255 231 0
229 94 40
215 30 59
224 70 47
254 217 2
255 240 0
238 138 26
216 32 59
218 40 56
245 174 15
255 240 0
151 130 12
213 173 1
239 196 0
83 68 16
30 30 49
200 200 200
0 0 0
0 0 0
0 0 0
0 0 0
0 0 0
0 0 0
0 0 0
0 0 0
0 0 0
0 0 0
0 0 0
0 0 0
0 0 0
0 0 0
0 0 0
61 59 70
32 29 31
196 160 3
243 198 0
152 129 32
225 221 236
255 248 248
253 247 247
253 247 247
253 247 247
253 247 247
254 248 249
237 153 156
216 31 38
219 47 54
219 47 54
219 47 54
219 47 54
219 45 52
218 44 51
247 207 208
254 248 248
253 247 247
253 247 247
253 247 247
253 247 247
255 248 248
203 198 211
193 169 10
255 247 0
238 140 26
216 32 59
217 37 57
244 168 17
255 242 0
250 199 7
220 52 52
216 31 59
232 113 34
255 236 0
255 231 0
229 94 40
215 30 59
224 70 47
254 217 2
255 240 0
238 138 26
216 32 59
218 40 56
249 178 15
237 217 0
148 124 11
238 194 0
208 171 2
39 33 26
52 50 62
0 0 0
0 0 0
0 0 0
0 0 0
0 0 0
0 0 0
0 0 0
0 0 0
0 0 0
0 0 0
0 0 0
0 0 0
0 0 0
0 0 0
0 0 0
0 0 0
76 76 80
17 17 34
152 125 9
251 206 0
171 144 5
170 57 69
233 74 82
223 73 79
223 73 79
223 73 79
223 73 79
224 75 81
221 61 67
218 45 52
219 47 54
219 47 54
219 47 54
219 47 54
219 47 54
219 47 54
222 68 74
224 74 80
223 73 79
223 73 79
223 73 79
223 73 79
231 74 81
178 54 72
192 167 8
255 249 0
238 140 26
216 32 59
217 37 57
244 168 17
255 242 0
250 199 7
220 52 52
216 31 59
232 113 34
255 236 0
255 231 0
229 94 40
215 30 59
224 70 47
254 217 2
255 240 0
238 138 26
216 32 59
218 40 56
254 182 14
210 193 2
157 130 9
249 203 0
171 140 7
24 22 35
63 60 68
0 0 0
0 0 0
0 0 0
0 0 0
0 0 0
0 0 0
0 0 0
0 0 0
0 0 0
0 0 0
0 0 0
0 0 0
0 0 0
0 0 0
0 0 0
0 0 0
107 107 107
18 18 39
119 98 13
248 203 0
187 162 1
149 35 36
228 38 49
218 39 47
218 39 47
218 39 47
218 39 47
218 39 46
218 43 50
219 48 55
219 47 54
219 47 54
219 47 54
219 47 54
219 47 54
219 47 54
218 41 48
218 39 46
218 39 47
218 39 47
218 39 47
218 39 47
226 39 47
173 26 45
192 167 8
255 250 0
238 140 26
216 32 59
217 37 57
244 168 17
255 242 0
250 199 7
220 52 52
216 31 59
232 113 34
255 236 0
255 231 0
229 94 40
215 30 59
224 70 47
254 217 2
255 240 0
238 138 26
216 32 59
218 40 56
255 184 14
195 180 4
177 144 6
250 205 0
131 107 11
19 19 40
120 114 120
0 0 0
0 0 0
0 0 0
0 0 0
0 0 0
0 0 0
0 0 0
0 0 0
0 0 0
0 0 0
0 0 0
0 0 0
0 0 0
0 0 0
0 0 0
0 0 0
254 254 254
33 34 54
86 71 15
243 199 0
198 173 0
148 50 39
228 44 57
219 47 54
219 47 54
219 47 54
219 47 54
219 47 54
219 47 54
219 47 54
219 47 54
219 47 54
219 47 54
219 47 54
219 47 54
219 47 54
219 47 54
219 47 54
219 47 54
219 47 54
219 47 54
219 47 54
227 47 55
174 32 51
192 167 8
255 250 0
238 140 26
216 32 59
217 37 57
244 168 17
255 242 0
250 199 7
220 52 52
216 31 59
232 113 34
255 236 0
255 231 0
229 94 40
215 30 59
224 70 47
254 217 2
255 240 0
238 138 26
216 32 59
218 40 56
255 186 14
172 159 7
193 157 4
245 201 0
108 89 15
19 20 38
113 113 113
0 0 0
0 0 0
0 0 0
0 0 0
0 0 0
0 0 0
0 0 0
0 0 0
0 0 0
0 0 0
0 0 0
0 0 0
0 0 0
0 0 0
0 0 0
0 0 0
0 0 0
15 15 35
78 65 22
236 193 0
208 181 0
151 60 36
226 42 57
219 47 54
219 47 54
219 47 54
219 47 54
219 47 54
219 47 54
219 47 54
219 47 54
219 47 54
219 47 54
219 47 54
219 47 54
219 47 54
219 47 54
219 47 54
219 47 54
219 47 54
219 47 54
219 47 54
227 47 55
174 32 51
192 167 8
255 250 0
238 140 26
216 32 59
217 37 57
244 168 17
255 242 0
250 199 7
220 52 52
216 31 59
232 113 34
255 236 0
255 231 0
229 94 40
215 30 59
224 70 47
254 217 2
255 240 0
238 138 26
216 32 59
218 40 56
255 186 14
159 147 8
195 159 4
244 199 0
99 82 18
14 14 32
255 255 255
0 0 0
0 0 0
0 0 0
0 0 0
0 0 0
0 0 0
0 0 0
0 0 0
0 0 0
0 0 0
0 0 0
0 0 0
0 0 0
0 0 0
0 0 0
0 0 0
0 0 0
21 21 40
76 63 22
235 192 0
213 185 0
148 63 34
224 41 57
219 47 54
219 47 54
219 47 54
219 47 54
219 47 54
219 47 54
219 47 54
219 47 54
219 47 54
219 47 54
219 47 54
219 47 54
219 47 54
219 47 54
219 47 54
219 47 54
219 47 54
219 47 54
219 47 54
227 47 55
174 32 51
192 167 8
255 250 0
238 140 26
216 32 59
217 37 57
244 168 17
255 242 0
250 199 7
220 52 52
216 31 59
232 113 34
255 236 0
255 231 0
229 94 40
215 30 59
224 70 47
254 217 2
255 240 0
238 138 26
216 32 59
218 40 56
255 184 14
159 146 8
199 162 3
243 199 0
97 80 17
19 18 37
255 255 255
0 0 0
0 0 0
0 0 0
0 0 0
0 0 0
0 0 0
0 0 0
0 0 0
0 0 0
0 0 0
0 0 0
0 0 0
0 0 0
0 0 0
0 0 0
0 0 0
0 0 0
19 19 40
77 64 22
236 193 0
206 180 0
152 58 37
227 43 57
219 47 54
219 47 54
219 47 54
219 47 54
219 47 54
219 47 54
219 47 54
219 47 54
219 47 54
219 47 54
219 47 54
219 47 54
219 47 54
219 47 54
219 47 54
219 47 54
219 47 54
219 47 54
219 47 54
227 47 55
174 32 51
192 167 8
255 250 0
238 140 26
216 32 59
217 37 57
244 168 17
255 242 0
250 199 7
220 52 52
216 31 59
232 113 34
255 236 0
255 231 0
229 94 40
215 30 59
224 70 47
254 217 2
255 240 0
238 138 26
216 32 59
218 40 56
255 186 14
160 148 8
195 159 4
244 199 0
98 81 17
15 15 36
255 255 255
0 0 0
0 0 0
0 0 0
0 0 0
0 0 0
0 0 0
0 0 0
0 0 0
0 0 0
0 0 0
0 0 0
0 0 0
0 0 0
0 0 0
0 0 0
0 0 0
236 236 236
43 43 59
86 70 14
243 199 0
197 172 0
145 39 31
227 31 44
217 34 41
217 34 41
217 34 41
217 34 41
217 34 41
218 40 47
219 48 55
219 47 54
219 47 54
219 47 54
219 47 54
219 47 54
219 47 54
217 36 44
217 34 41
217 34 41
217 34 41
217 34 41
217 34 41
225 34 42
172 21 40
192 167 8
255 250 0
238 140 26
216 32 59
217 37 57
244 168 17
255 242 0
250 199 7
220 52 52
216 31 59
232 113 34
255 236 0
255 231 0
229 94 40
215 30 59
224 70 47
254 217 2
255 240 0
238 138 26
216 32 59
218 40 56
255 185 14
176 162 6
191 156 4
246 201 0
107 88 15
20 23 40
139 139 139
0 0 0
0 0 0
0 0 0
0 0 0
0 0 0
0 0 0
0 0 0
0 0 0
0 0 0
0 0 0
0 0 0
0 0 0
0 0 0
0 0 0
0 0 0
0 0 0
114 114 114
18 18 38
119 98 13
248 203 0
185 156 0
158 82 83
238 110 118
230 110 115
230 110 115
230 110 115
230 110 115
230 111 116
225 80 86
218 42 49
219 47 54
219 47 54
219 47 54
219 47 54
219 46 53
219 46 53
228 98 103
230 111 115
230 110 115
230 110 115
230 110 115
230 110 115
236 111 116
183 84 102
192 167 9
255 249 0
238 140 26
216 32 59
217 37 57
244 168 17
255 242 0
250 199 7
220 52 52
216 31 59
232 113 34
255 236 0
255 231 0
229 94 40
215 30 59
224 70 47
254 217 2
255 240 0
238 138 26
216 32 59
218 40 56
255 184 14
197 182 3
173 142 7
251 205 0
130 107 10
21 22 43
136 136 136
0 0 0
0 0 0
0 0 0
0 0 0
0 0 0
0 0 0
0 0 0
0 0 0
0 0 0
0 0 0
0 0 0
0 0 0
0 0 0
0 0 0
0 0 0
0 0 0
85 85 89
20 19 36
151 124 9
251 205 0
167 135 2
195 201 209
255 255 255
255 255 255
255 255 255
255 255 255
255 255 255
255 255 255
239 162 165
216 29 36
219 47 54
219 47 54
219 47 54
219 47 54
219 45 52
218 44 51
249 222 223
255 255 255
255 255 255
255 255 255
255 255 255
255 255 255
255 255 255
205 214 226
193 169 10
255 247 0
238 140 26
216 32 59
217 37 57
244 168 17
255 242 0
250 199 7
220 52 52
216 31 59
232 113 34
255 236 0
255 231 0
229 94 40
215 30 59
224 70 47
254 217 2
255 240 0
238 138 26
216 32 59
218 40 56
254 182 14
210 194 2
155 129 9
249 204 0
170 139 7
25 24 36
72 72 75
0 0 0
0 0 0
0 0 0
0 0 0
0 0 0
0 0 0
0 0 0
0 0 0
0 0 0
0 0 0
0 0 0
0 0 0
0 0 0
0 0 0
0 0 0
0 0 0
66 64 72
30 27 32
191 156 4
244 198 0
152 129 32
226 230 245
255 255 255
255 255 255
255 255 255
255 255 255
255 255 255
255 255 255
238 157 160
216 30 37
219 47 54
219 47 54
219 47 54
219 47 54
219 45 52
218 44 51
248 215 216
255 255 255
255 255 255
255 255 255
255 255 255
255 255 255
255 255 255
204 206 219
193 169 10
255 247 0
238 140 26
216 32 59
217 37 57
244 168 17
255 242 0
250 199 7
220 52 52
216 31 59
232 113 34
255 236 0
255 231 0
229 94 40
215 30 59
224 70 47
254 217 2
255 240 0
238 138 26
216 32 59
218 40 56
249 178 15
237 217 0
148 124 11
239 195 0
204 168 3
36 31 28
51 48 60
0 0 0
0 0 0
0 0 0
0 0 0
0 0 0
0 0 0
0 0 0
0 0 0
0 0 0
0 0 0
0 0 0
0 0 0
0 0 0
0 0 0
0 0 0
0 0 0
37 37 53
57 48 21
226 185 0
225 181 0
147 133 79
250 252 255
255 255 255
255 255 255
255 255 255
255 255 255
255 255 255
255 255 255
238 157 160
216 30 37
219 47 54
219 47 54
219 47 54
219 47 54
219 45 52
218 44 51
248 214 215
255 255 255
255 255 255
255 255 255
255 255 255
255 255 255
255 255 255
204 205 218
193 169 10
255 247 0
238 140 26
216 32 59
217 37 57
244 168 17
255 242 0
250 199 7
220 52 52
216 31 59
232 113 34
255 236 0
255 231 0
229 94 40
215 30 59
224 70 47
254 217 2
255 240 0
238 138 26
216 32 59
218 40 56
245 175 15
255 239 0
150 129 12
215 175 1
235 192 0
73 60 19
31 31 50
255 255 255
0 0 0
0 0 0
0 0 0
0 0 0
0 0 0
0 0 0
0 0 0
0 0 0
0 0 0
0 0 0
0 0 0
0 0 0
0 0 0
0 0 0
139 133 133
23 24 44
114 94 13
247 202 0
193 154 0
163 160 150
255 255 255
255 255 255
255 255 255
255 255 255
255 255 255
255 255 255
255 255 255
238 157 160
216 30 37
219 47 54
219 47 54
219 47 54
219 47 54
219 45 52
218 44 51
248 214 215
255 255 255
255 255 255
255 255 255
255 255 255
255 255 255
255 255 255
204 205 218
193 169 10
255 247 0
238 140 26
216 32 59
217 37 57
244 168 17
255 242 0
250 199 7
220 52 52
216 31 59
232 113 34
255 236 0
255 231 0
229 94 40
215 30 59
224 70 47
254 217 2
255 240 0
238 138 26
216 32 59
218 40 56
245 174 15
255 246 0
173 152 9
181 148 6
250 204 0
133 109 10
21 21 40
109 109 109
0 0 0
0 0 0
0 0 0
0 0 0
0 0 0
0 0 0
0 0 0
0 0 0
0 0 0
0 0 0
0 0 0
0 0 0
0 0 0
0 0 0
68 66 73
26 23 31
186 152 5
248 202 0
158 130 13
209 211 224
255 255 255
255 255 255
255 255 255
255 255 255
255 255 255
255 255 255
255 255 255
240 158 161
218 30 37
221 47 54
221 47 54
221 47 54
221 47 54
221 45 52
220 44 51
250 216 217
255 255 255
255 255 255
255 255 255
255 255 255
255 255 255
255 255 255
206 207 220
195 170 10
255 249 0
240 141 26
218 32 59
219 37 57
246 169 17
255 244 0
252 201 7
222 52 52
218 31 59
234 114 34
255 238 0
255 233 0
231 95 40
217 30 59
226 70 47
255 219 2
255 242 0
240 139 26
218 32 59
220 40 56
247 176 15
255 242 0
222 194 4
152 126 10
244 199 0
201 165 3
31 27 27
55 52 63
0 0 0
0 0 0
0 0 0
0 0 0
0 0 0
0 0 0
0 0 0
0 0 0
0 0 0
0 0 0
0 0 0
0 0 0
0 0 0
170 170 170
31 31 47
75 62 17
237 194 0
219 176 0
133 123 88
238 244 255
243 246 255
243 246 255
243 246 255
243 246 255
243 246 255
243 246 255
243 248 255
226 147 164
203 18 39
206 35 56
206 35 56
206 35 56
206 35 56
206 33 54
206 32 53
236 204 220
243 247 255
243 246 255
243 246 255
243 246 255
243 246 255
244 247 255
191 195 223
180 159 12
245 238 1
226 129 28
203 20 61
204 25 59
232 158 19
243 233 1
238 189 9
207 40 54
203 19 61
220 102 36
243 227 1
243 222 1
216 83 42
202 18 61
212 58 49
242 207 4
243 231 1
226 127 28
203 20 61
205 28 58
233 164 17
243 225 1
244 218 2
135 117 14
208 170 2
242 198 0
93 77 16
24 24 43
127 127 127
0 0 0
0 0 0
0 0 0
0 0 0
0 0 0
0 0 0
0 0 0
0 0 0
0 0 0
0 0 0
0 0 0
0 0 0
78 76 82
17 16 32
167 137 7
244 200 0
206 168 1
137 119 43
158 140 67
155 138 63
155 138 63
155 138 63
155 138 63
155 138 63
155 138 63
156 140 66
152 117 43
147 91 18
148 94 21
147 94 21
151 97 21
161 105 20
160 104 19
160 104 19
167 139 53
165 147 63
155 137 63
155 137 63
155 137 63
156 138 63
167 147 63
160 140 53
154 129 11
159 137 9
151 113 15
147 91 22
147 92 22
156 122 13
169 145 8
166 136 10
160 105 19
158 100 21
154 110 17
155 133 10
156 132 10
150 104 18
147 91 22
149 99 20
155 130 10
156 134 9
152 113 16
147 91 22
148 93 22
153 121 13
156 133 10
158 134 10
135 113 13
198 162 3
243 199 0
183 150 5
21 19 29
71 69 74
0 0 0
0 0 0
0 0 0
0 0 0
0 0 0
0 0 0
0 0 0
0 0 0
0 0 0
0 0 0
0 0 0
117 117 117
25 25 42
74 61 18
234 192 0
227 186 0
228 186 0
233 190 0
228 184 0
228 184 0
228 184 0
228 184 0
228 184 0
228 184 0
228 184 0
228 184 0
229 189 0
230 196 0
230 195 0
233 198 0
216 184 0
174 150 4
176 151 4
176 151 4
171 140 0
186 150 0
230 186 0
228 184 0
230 186 0
237 192 0
188 151 0
155 125 0
181 148 6
232 188 0
233 193 0
230 196 0
233 198 0
213 176 1
172 140 7
173 142 6
172 148 4
184 159 3
228 191 0
232 189 0
228 185 0
229 193 0
230 196 0
230 194 0
228 186 0
228 185 0
229 190 0
230 196 0
230 195 0
229 188 0
228 185 0
228 185 0
233 190 0
228 187 0
226 185 0
239 195 0
91 76 16
21 21 39
102 95 95
0 0 0
0 0 0
0 0 0
0 0 0
0 0 0
0 0 0
0 0 0
0 0 0
0 0 0
0 0 0
50 47 56
22 20 29
185 152 5
238 195 0
225 185 0
226 185 0
226 185 0
226 185 0
226 185 0
226 185 0
226 185 0
226 185 0
226 185 0
226 185 0
226 185 0
226 185 0
226 185 0
226 185 0
239 196 0
171 141 7
9 10 29
11 10 29
8 8 29
0 0 31
57 48 23
233 191 0
228 187 0
236 193 0
128 106 13
9 9 29
3 4 30
2 3 30
90 75 18
227 185 1
229 187 0
240 196 0
166 137 8
11 10 29
17 16 28
16 15 28
11 11 29
88 73 19
227 186 1
229 187 0
226 185 0
226 185 0
226 185 0
226 185 0
226 185 0
226 185 0
226 185 0
226 185 0
226 185 0
226 185 0
226 185 0
226 185 0
226 185 0
226 185 0
236 193 0
199 163 4
28 24 26
47 44 57
0 0 0
0 0 0
0 0 0
0 0 0
0 0 0
0 0 0
0 0 0
0 0 0
0 0 0
89 87 89
15 16 36
116 96 13
242 198 0
226 185 0
226 185 0
226 185 0
226 185 0
226 185 0
226 185 0
226 185 0
226 185 0
226 185 0
226 185 0
226 185 0
226 185 0
226 185 0
226 185 0
226 185 0
238 195 0
172 142 7
8 8 30
127 105 13
185 152 7
163 134 9
175 144 7
228 186 0
237 194 0
185 151 5
6 7 29
83 69 19
192 158 6
105 87 16
94 79 18
219 179 1
229 188 0
239 195 0
167 137 8
11 11 29
150 123 10
213 174 4
99 82 17
8 8 30
194 159 4
235 192 0
226 185 0
226 185 0
226 185 0
226 185 0
226 185 0
226 185 0
226 185 0
226 185 0
226 185 0
226 185 0
226 185 0
226 185 0
226 185 0
226 185 0
226 185 0
242 198 0
134 110 11
14 14 35
81 79 83
0 0 0
0 0 0
0 0 0
0 0 0
0 0 0
0 0 0
0 0 0
123 119 119
27 28 47
62 52 19
227 186 1
231 189 0
226 185 0
226 185 0
226 185 0
226 185 0
226 185 0
226 185 0
226 185 0
226 185 0
226 185 0
226 185 0
226 185 0
226 185 0
226 185 0
226 185 0
226 185 0
238 195 0
173 142 7
12 12 29
78 65 20
100 84 18
194 159 4
246 201 0
225 185 0
241 197 0
125 103 14
10 10 29
199 163 4
248 203 0
234 191 0
236 193 0
228 187 0
225 185 0
239 195 0
168 138 8
16 15 28
65 54 22
85 71 20
39 33 25
59 50 23
225 184 0
229 187 0
226 185 0
226 185 0
226 185 0
226 185 0
226 185 0
226 185 0
226 185 0
226 185 0
226 185 0
226 185 0
226 185 0
226 185 0
226 185 0
226 185 0
226 185 0
229 187 0
234 191 0
79 65 16
24 24 44
101 98 101
0 0 0
0 0 0
0 0 0
0 0 0
0 0 0
124 124 124
35 34 45
39 33 23
201 164 4
238 194 0
225 184 0
226 185 0
226 185 0
226 185 0
226 185 0
226 185 0
226 185 0
226 185 0
226 185 0
226 185 0
226 185 0
226 185 0
226 185 0
226 185 0
226 185 0
226 185 0
238 195 0
173 142 7
15 14 28
40 35 25
39 34 25
165 136 8
238 195 0
226 185 0
241 197 0
114 94 15
19 17 28
212 174 2
233 191 0
237 194 0
239 195 0
226 185 0
226 185 0
239 195 0
168 138 8
16 14 28
70 59 21
93 77 18
57 48 23
39 33 25
195 160 4
234 191 0
226 185 0
226 185 0
226 185 0
226 185 0
226 185 0
226 185 0
226 185 0
226 185 0
226 185 0
226 185 0
226 185 0
226 185 0
226 185 0
226 185 0
226 185 0
225 184 0
235 192 0
213 175 2
49 41 21
34 31 44
114 110 114
0 0 0
0 0 0
0 0 0
148 148 148
52 50 55
18 16 24
179 147 6
247 202 0
225 184 0
226 185 0
226 185 0
226 185 0
226 185 0
226 185 0
226 185 0
226 185 0
226 185 0
226 185 0
226 185 0
226 185 0
226 185 0
226 185 0
226 185 0
226 185 0
226 185 0
238 195 0
172 142 7
7 7 30
163 134 8
239 196 0
226 185 0
226 185 0
226 185 0
240 196 0
152 124 10
0 0 31
141 116 11
253 206 0
172 142 7
154 127 10
226 185 1
227 186 0
239 195 0
167 137 8
11 10 29
194 159 5
255 225 0
178 146 6
0 0 31
143 118 11
241 197 0
226 185 0
226 185 0
226 185 0
226 185 0
226 185 0
226 185 0
226 185 0
226 185 0
226 185 0
226 185 0
226 185 0
226 185 0
226 185 0
226 185 0
226 185 0
226 185 0
225 184 0
243 199 0
194 160 4
22 19 22
49 47 54
161 155 161
0 0 0
0 0 0
185 185 185
87 84 89
29 27 37
96 79 13
232 189 0
232 190 0
225 184 0
226 185 0
226 185 0
226 185 0
226 185 0
226 185 0
226 185 0
226 185 0
226 185 0
226 185 0
226 185 0
226 185 0
226 185 0
226 185 0
226 185 0
226 185 0
239 196 0
168 139 7
0 0 32
160 132 8
243 199 0
227 186 0
226 185 0
226 185 0
231 189 0
219 179 2
53 45 23
8 8 30
71 60 21
10 11 29
43 37 25
220 180 1
230 188 0
240 196 0
164 134 9
2 3 30
54 46 23
75 62 21
29 26 26
22 20 27
193 158 5
235 192 0
226 185 0
226 185 0
226 185 0
226 185 0
226 185 0
226 185 0
226 185 0
226 185 0
226 185 0
226 185 0
226 185 0
226 185 0
226 185 0
226 185 0
226 185 0
225 185 0
230 189 0
237 194 0
113 92 12
27 24 34
76 73 79
170 170 170
0 0 0
0 0 0
0 0 0
0 0 0
92 92 95
18 19 39
94 77 14
233 191 0
229 188 0
226 185 0
233 191 0
236 193 0
235 192 0
235 192 0
235 192 0
235 192 0
235 192 0
235 192 0
235 193 0
235 193 0
235 193 0
235 193 0
235 193 0
235 193 0
243 199 0
198 163 3
87 71 19
193 158 4
244 200 0
235 192 0
235 192 0
235 192 0
235 192 0
244 199 0
213 175 2
107 89 16
60 51 22
100 83 17
206 169 3
242 198 0
235 192 0
244 199 0
196 161 4
94 78 17
89 74 18
83 69 19
101 84 16
189 154 5
244 199 0
234 192 0
235 193 0
235 193 0
235 193 0
235 193 0
235 193 0
235 193 0
235 192 0
235 192 0
235 192 0
235 192 0
235 192 0
235 192 0
236 193 0
234 191 0
226 185 0
227 186 0
237 194 0
112 92 12
16 16 36
80 80 83
255 255 255
0 0 0
0 0 0
0 0 0
0 0 0
0 0 0
0 0 0
85 82 87
11 11 34
111 92 14
235 192 0
228 187 0
200 162 0
189 151 0
191 153 0
191 153 0
191 153 0
191 153 0
191 153 0
188 153 0
181 155 2
182 155 2
182 155 2
182 155 2
182 155 2
182 155 2
181 154 2
191 156 0
205 164 0
195 156 0
191 152 0
191 153 0
191 153 0
191 153 0
191 153 0
183 154 1
189 161 1
195 165 0
186 158 2
194 165 1
190 162 1
181 154 2
183 155 2
190 152 0
195 156 0
205 164 0
204 163 0
204 163 0
206 164 0
202 161 0
188 153 0
181 155 2
182 155 2
182 155 2
182 155 2
182 155 2
182 155 2
181 155 2
187 154 0
191 153 0
191 153 0
191 153 0
191 153 0
191 153 0
190 151 0
197 159 0
226 185 0
238 195 0
131 108 12
12 12 33
70 68 73
255 255 255
0 0 0
0 0 0
0 0 0
0 0 0
0 0 0
0 0 0
0 0 0
0 0 0
40 40 58
62 51 19
235 193 0
225 180 0
48 63 62
5 54 117
8 58 109
8 58 109
8 58 109
8 58 109
8 60 113
48 48 91
126 28 56
119 30 59
119 30 59
119 30 59
119 30 59
119 30 59
126 28 56
52 47 90
8 60 112
9 58 109
8 58 109
8 58 109
8 58 109
8 59 110
10 58 109
101 34 67
123 29 57
119 31 59
121 32 59
120 31 59
119 30 59
123 30 57
106 34 65
12 57 107
8 59 110
9 58 109
9 58 109
9 58 109
9 58 109
8 60 113
40 50 95
124 29 57
120 30 59
119 30 59
119 30 59
119 30 59
119 30 59
127 28 56
56 47 88
8 60 113
8 58 109
8 58 109
8 58 109
8 58 109
6 55 116
38 59 67
219 176 0
242 198 0
88 73 17
22 23 44
255 255 255
0 0 0
0 0 0
0 0 0
0 0 0
0 0 0
0 0 0
0 0 0
0 0 0
255 255 255
50 51 68
74 60 15
242 198 0
212 168 0
20 60 95
0 77 168
0 76 158
0 76 158
0 76 158
0 76 158
0 80 163
59 60 129
182 29 73
171 33 79
171 33 79
171 33 79
171 33 79
171 33 79
183 29 73
65 59 127
0 80 163
0 76 158
0 76 158
0 76 158
0 76 158
0 78 159
0 76 157
143 39 91
178 30 75
171 33 79
171 33 79
171 33 79
171 33 79
177 32 75
151 38 88
2 74 155
0 78 160
0 76 158
0 76 158
0 76 158
0 76 158
0 80 163
46 64 135
178 30 75
172 33 79
171 33 79
171 33 79
171 33 79
171 33 79
184 29 73
70 58 125
0 80 164
0 76 158
0 76 158
0 76 158
0 76 158
0 76 168
18 64 106
211 167 0
245 200 0
102 84 15
26 26 45
231 231 231
0 0 0
0 0 0
0 0 0
0 0 0
0 0 0
0 0 0
0 0 0
0 0 0
255 255 255
39 38 54
82 68 16
243 199 0
209 166 0
21 60 94
0 75 159
0 75 149
0 75 149
0 75 149
0 75 149
0 78 154
59 60 122
174 31 70
164 34 75
164 34 75
164 34 75
164 34 75
164 34 75
175 31 70
65 59 120
0 78 154
0 75 149
0 75 149
0 75 149
0 75 149
0 76 150
2 75 148
138 40 87
171 32 72
165 34 75
167 34 76
167 34 76
165 34 75
170 33 72
145 39 84
6 73 146
0 76 151
0 75 149
0 75 149
0 75 149
0 75 149
0 78 154
47 63 128
171 32 72
165 34 75
164 34 75
164 34 75
164 34 75
164 34 75
176 31 70
70 58 118
0 78 155
0 75 149
0 75 149
0 75 149
0 75 149
0 75 158
16 63 106
202 161 0
247 202 0
107 89 15
22 19 39
145 145 145
0 0 0
0 0 0
0 0 0
0 0 0
0 0 0
0 0 0
0 0 0
0 0 0
254 254 254
49 49 64
75 62 15
242 198 0
211 167 0
22 60 92
0 75 159
0 75 149
0 75 149
0 75 149
0 75 149
0 78 154
59 60 122
174 31 70
164 34 75
164 34 75
164 34 75
164 34 75
164 34 75
175 31 70
65 59 120
0 78 154
0 75 149
0 75 149
0 75 149
0 75 149
0 76 150
2 75 148
142 40 89
173 26 77
154 23 78
148 26 74
142 22 74
152 22 78
171 26 77
149 39 86
6 73 146
0 76 151
0 75 149
0 75 149
0 75 149
0 75 149
0 78 154
47 63 128
171 32 72
165 34 75
164 34 75
164 34 75
164 34 75
164 34 75
176 31 70
70 58 118
0 78 155
0 75 149
0 75 149
0 75 149
0 75 149
0 75 158
19 64 104
208 166 0
245 201 0
104 85 15
27 27 44
187 187 187
0 0 0
0 0 0
0 0 0
0 0 0
0 0 0
0 0 0
0 0 0
0 0 0
255 255 255
39 39 55
72 60 18
238 195 0
218 173 0
30 64 86
0 74 160
0 75 149
0 75 149
0 75 149
0 75 149
0 78 154
59 60 122
174 31 70
164 34 75
164 34 75
164 34 75
164 34 75
164 34 75
175 31 70
65 59 120
0 78 154
0 75 149
0 75 149
0 75 149
0 75 149
0 77 151
0 75 156
113 31 84
132 51 44
142 93 27
106 79 22
150 116 15
147 99 25
132 55 42
115 29 79
0 70 155
0 77 152
0 75 149
0 75 149
0 75 149
0 75 149
0 78 154
47 63 128
171 32 72
165 34 75
164 34 75
164 34 75
164 34 75
164 34 75
176 31 70
70 58 118
0 78 155
0 75 149
0 75 149
0 75 149
0 75 149
0 74 159
27 66 94
217 172 0
243 199 0
99 82 17
19 20 40
223 223 223
0 0 0
0 0 0
0 0 0
0 0 0
0 0 0
0 0 0
0 0 0
0 0 0
0 0 0
20 20 38
67 57 24
230 188 0
232 184 0
53 76 73
0 71 160
0 75 149
0 75 149
0 75 149
0 75 149
0 78 154
59 60 122
174 31 70
164 34 75
164 34 75
164 34 75
164 34 75
164 34 75
175 31 70
65 59 120
0 78 154
0 75 149
0 75 149
0 75 149
0 76 150
0 72 158
11 52 102
146 117 16
223 189 0
198 169 0
169 142 6
253 210 0
240 202 0
220 187 0
163 131 13
33 65 92
0 68 157
0 76 151
0 75 149
0 75 149
0 75 149
0 78 154
47 63 128
171 32 72
165 34 75
164 34 75
164 34 75
164 34 75
164 34 75
176 31 70
70 58 118
0 78 155
0 75 149
0 75 149
0 75 149
0 75 149
0 73 159
39 67 80
221 175 0
242 198 0
87 72 18
23 23 41
0 0 0
0 0 0
0 0 0
0 0 0
0 0 0
0 0 0
0 0 0
0 0 0
0 0 0
0 0 0
35 35 49
53 45 25
221 181 1
243 195 0
82 88 51
0 66 155
0 75 150
0 75 149
0 75 149
0 75 149
0 78 154
59 60 122
174 31 70
164 34 75
164 34 75
164 34 75
164 34 75
164 34 75
175 31 70
65 59 120
0 78 154
0 75 149
0 75 149
0 75 149
0 72 159
36 71 92
123 97 4
222 181 0
237 195 0
207 170 3
155 128 10
197 161 5
193 158 4
223 183 1
252 207 0
212 168 0
43 70 81
0 69 159
0 76 149
0 75 149
0 75 149
0 78 154
47 63 128
171 32 72
165 34 75
164 34 75
164 34 75
164 34 75
164 34 75
176 31 70
70 58 118
0 78 155
0 75 149
0 75 149
0 75 149
0 75 149
0 70 158
54 74 68
232 184 0
231 189 0
65 54 20
37 37 53
0 0 0
0 0 0
0 0 0
0 0 0
0 0 0
0 0 0
0 0 0
0 0 0
0 0 0
0 0 0
59 59 68
35 30 29
202 165 3
249 201 0
108 100 33
0 61 149
0 76 151
0 75 149
0 75 149
0 75 149
0 78 154
59 60 122
174 31 70
164 34 75
164 34 75
164 34 75
164 34 75
164 34 75
175 31 70
65 59 120
0 78 154
0 75 149
0 75 149
0 76 157
6 60 123
175 141 5
171 139 4
224 183 1
227 186 0
230 188 0
134 111 12
153 125 10
166 137 8
154 127 10
165 136 9
235 191 0
201 160 0
14 61 112
0 75 158
0 75 149
0 75 149
0 78 154
47 63 128
171 32 72
165 34 75
164 34 75
164 34 75
164 34 75
164 34 75
176 31 70
70 58 118
0 78 155
0 75 149
0 75 149
0 75 149
0 75 150
0 65 154
89 91 45
246 197 0
209 171 2
40 34 28
54 52 64
0 0 0
0 0 0
0 0 0
0 0 0
0 0 0
0 0 0
0 0 0
0 0 0
0 0 0
0 0 0
86 84 89
23 22 37
163 133 7
254 207 0
156 129 11
0 57 132
0 77 154
0 75 149
0 75 149
0 75 149
0 78 154
59 60 122
174 31 70
164 34 75
164 34 75
164 34 75
164 34 75
164 34 75
175 31 70
65 59 120
0 78 154
0 75 149
0 75 150
0 66 156
92 97 49
227 180 0
168 138 8
234 191 0
233 191 0
185 152 5
174 143 7
244 200 0
237 194 0
228 186 0
188 154 6
143 117 11
220 175 0
117 110 36
0 63 153
0 75 150
0 75 149
0 78 154
47 63 128
171 32 72
165 34 75
164 34 75
164 34 75
164 34 75
164 34 75
176 31 70
70 58 118
0 78 155
0 75 149
0 75 149
0 75 149
0 77 153
0 58 140
139 119 17
253 205 0
185 151 5
27 25 32
62 60 69
0 0 0
0 0 0
0 0 0
0 0 0
0 0 0
0 0 0
0 0 0
0 0 0
0 0 0
0 0 0
113 113 113
20 20 38
120 99 12
249 204 0
204 162 0
14 59 100
0 76 159
0 75 149
0 75 149
0 75 149
0 78 154
59 60 122
174 31 70
164 34 75
164 34 75
164 34 75
164 34 75
164 34 75
175 31 70
65 59 120
0 78 154
0 75 149
0 77 154
0 58 133
170 140 8
219 178 0
168 137 8
235 191 0
235 192 0
171 141 7
195 160 4
239 196 0
234 192 0
230 188 0
235 192 0
220 180 2
153 125 8
163 132 4
12 66 121
0 76 156
0 75 149
0 78 154
47 63 128
171 32 72
165 34 75
164 34 75
164 34 75
164 34 75
164 34 75
176 31 70
70 58 118
0 78 155
0 75 149
0 75 149
0 75 149
0 77 157
6 57 113
187 150 1
252 206 0
137 113 10
21 20 39
101 97 101
0 0 0
0 0 0
0 0 0
0 0 0
0 0 0
0 0 0
0 0 0
0 0 0
0 0 0
0 0 0
255 255 255
36 36 52
64 53 19
232 190 0
238 190 0
71 80 55
0 67 157
0 75 149
0 75 149
0 75 149
0 78 154
59 60 122
174 31 70
164 34 75
164 34 75
164 34 75
164 34 75
164 34 75
175 31 70
65 59 120
0 78 154
0 75 149
0 75 157
16 67 111
208 166 0
222 181 0
167 136 8
233 190 0
231 189 0
197 162 4
160 131 9
204 167 4
179 147 6
209 171 2
232 190 0
232 189 0
223 183 1
132 103 4
17 60 98
0 76 158
0 75 149
0 78 154
47 63 128
171 32 72
165 34 75
164 34 75
164 34 75
164 34 75
164 34 75
176 31 70
70 58 118
0 78 155
0 75 149
0 75 149
0 75 149
0 71 160
52 71 68
231 184 0
239 196 0
82 68 17
27 27 45
191 223 191
0 0 0
0 0 0
0 0 0
0 0 0
0 0 0
0 0 0
0 0 0
0 0 0
0 0 0
0 0 0
0 0 0
67 65 72
28 25 30
189 156 5
251 205 0
152 126 11
0 55 132
0 77 155
0 75 149
0 75 149
0 78 154
59 60 122
174 31 70
164 34 75
164 34 75
164 34 75
164 34 75
164 34 75
175 31 70
65 59 120
0 78 154
0 75 149
0 74 159
28 71 101
220 175 0
235 193 0
150 124 10
214 175 2
234 192 0
243 199 0
158 129 9
135 112 12
190 156 6
146 120 11
210 172 3
239 195 0
243 199 0
189 149 0
12 52 93
0 76 158
0 75 149
0 78 154
47 63 128
171 32 72
165 34 75
164 34 75
164 34 75
164 34 75
164 34 75
176 31 70
70 58 118
0 78 155
0 75 149
0 75 149
0 77 153
0 57 141
133 113 18
250 203 0
204 167 3
33 29 26
58 57 66
0 0 0
0 0 0
0 0 0
0 0 0
0 0 0
0 0 0
0 0 0
0 0 0
0 0 0
0 0 0
0 0 0
0 0 0
119 113 113
23 23 42
113 93 13
247 202 0
224 178 0
40 65 73
0 71 160
0 75 149
0 75 149
0 78 154
59 60 122
174 31 70
164 34 75
164 34 75
164 34 75
164 34 75
164 34 75
175 31 70
65 59 120
0 78 154
0 75 149
0 75 157
15 66 113
205 164 0
244 200 0
202 166 3
128 105 13
203 166 4
197 162 4
150 123 10
219 179 1
243 199 0
205 168 3
134 111 13
185 152 6
210 172 3
223 177 0
24 65 98
0 74 159
0 75 149
0 78 154
47 63 128
171 32 72
165 34 75
164 34 75
164 34 75
164 34 75
164 34 75
176 31 70
70 58 118
0 78 155
0 75 149
0 75 149
0 74 161
26 59 85
214 169 0
249 204 0
132 108 11
22 22 41
98 95 98
0 0 0
0 0 0
0 0 0
0 0 0
0 0 0
0 0 0
0 0 0
0 0 0
0 0 0
0 0 0
0 0 0
0 0 0
255 255 255
44 41 54
38 32 25
210 172 2
249 203 0
152 124 11
0 53 129
0 78 157
0 75 149
0 78 154
59 60 122
174 31 70
164 34 75
164 34 75
164 34 75
164 34 75
164 34 75
175 31 70
65 59 120
0 78 154
0 75 149
0 77 154
0 59 135
157 130 12
220 179 2
163 134 8
159 130 9
163 134 9
159 131 9
211 172 2
231 189 0
235 193 0
201 165 3
134 111 12
190 156 6
157 128 8
150 122 9
7 66 124
0 76 155
0 75 149
0 78 154
47 63 128
171 32 72
165 34 75
164 34 75
164 34 75
164 34 75
164 34 75
176 31 70
70 58 118
0 78 155
0 75 149
0 78 155
0 55 139
131 111 18
248 200 0
221 181 1
50 42 23
35 32 46
255 255 255
0 0 0
0 0 0
0 0 0
0 0 0
0 0 0
0 0 0
0 0 0
0 0 0
0 0 0
0 0 0
0 0 0
0 0 0
0 0 0
87 87 87
19 19 39
115 95 13
246 202 0
236 188 0
73 79 47
0 63 155
0 77 152
0 78 154
59 60 122
174 31 70
164 34 75
164 34 75
164 34 75
164 34 75
164 34 75
175 31 70
65 59 120
0 78 154
0 75 149
0 75 150
0 71 157
54 68 59
174 136 2
191 157 5
236 193 0
235 192 0
235 192 0
231 189 0
237 194 0
212 174 2
142 117 11
215 176 2
242 198 0
234 186 0
56 64 49
0 69 154
0 75 150
0 75 149
0 78 154
47 63 128
171 32 72
165 34 75
164 34 75
164 34 75
164 34 75
164 34 75
176 31 70
70 58 118
0 78 155
0 76 151
0 67 158
55 70 60
229 182 0
248 203 0
134 110 11
16 16 36
77 74 77
0 0 0
0 0 0
0 0 0
0 0 0
0 0 0
0 0 0
0 0 0
0 0 0
0 0 0
0 0 0
0 0 0
0 0 0
0 0 0
0 0 0
0 0 0
46 46 52
26 23 28
190 155 5
249 204 0
208 164 0
30 57 79
0 70 161
0 79 155
59 60 122
174 31 70
164 34 75
164 34 75
164 34 75
164 34 75
164 34 75
175 31 70
65 59 120
0 78 154
0 75 149
0 75 149
0 76 156
5 61 127
174 142 8
255 206 0
234 191 0
235 192 0
234 192 0
222 182 1
177 145 7
145 119 11
207 170 3
233 191 0
244 197 0
185 148 3
13 63 118
0 75 157
0 75 149
0 75 149
0 78 154
47 63 128
171 32 72
165 34 75
164 34 75
164 34 75
164 34 75
164 34 75
176 31 70
70 58 118
0 79 155
0 73 161
18 54 92
195 155 0
248 203 0
204 167 3
33 28 25
44 43 54
0 0 0
0 0 0
0 0 0
0 0 0
0 0 0
0 0 0
0 0 0
0 0 0
0 0 0
0 0 0
0 0 0
0 0 0
0 0 0
0 0 0
0 0 0
0 0 0
124 124 117
29 28 43
62 51 19
228 186 1
247 201 0
182 146 1
18 53 93
0 74 167
59 62 124
174 31 70
164 34 75
164 34 75
164 34 75
164 34 75
164 34 75
175 31 70
65 59 120
0 78 154
0 75 149
0 75 149
0 75 149
0 73 159
21 64 103
172 138 5
200 164 0
184 151 6
161 132 9
152 125 10
175 143 7
226 186 0
237 194 0
242 199 0
196 156 0
33 66 92
0 71 159
0 75 149
0 75 149
0 75 149
0 78 154
47 63 128
171 32 72
165 34 75
164 34 75
164 34 75
164 34 75
164 34 75
176 31 70
70 59 119
0 76 167
9 51 104
168 135 5
246 200 0
235 192 0
77 64 16
25 25 42
127 123 123
0 0 0
0 0 0
0 0 0
0 0 0
0 0 0
0 0 0
0 0 0
0 0 0
0 0 0
0 0 0
0 0 0
0 0 0
0 0 0
0 0 0
0 0 0
0 0 0
0 0 0
80 78 78
20 19 39
99 81 14
240 196 0
246 200 0
178 142 2
15 57 95
48 52 130
179 32 73
164 34 75
164 34 75
164 34 75
164 34 75
164 34 75
175 31 70
65 59 120
0 78 154
0 75 149
0 75 149
0 75 149
0 76 149
0 74 159
3 50 113
89 69 26
168 144 3
210 179 0
235 197 0
244 204 0
232 197 0
210 179 0
153 120 17
23 62 102
0 70 159
0 76 150
0 75 149
0 75 149
0 75 149
0 78 154
47 63 128
171 32 72
165 34 75
164 34 75
164 34 75
164 34 75
164 34 75
180 32 72
61 51 127
7 54 104
164 132 6
246 199 0
243 199 0
117 96 12
17 17 36
76 74 78
0 0 0
0 0 0
0 0 0
0 0 0
0 0 0
0 0 0
0 0 0
0 0 0
0 0 0
0 0 0
0 0 0
0 0 0
0 0 0
0 0 0
0 0 0
0 0 0
0 0 0
0 0 0
0 0 0
66 64 69
16 16 35
118 97 12
241 197 0
246 200 0
186 156 0
81 58 49
140 19 75
172 32 79
166 35 75
164 34 75
164 34 75
164 34 75
175 31 70
65 59 120
0 78 154
0 75 149
0 75 149
0 75 149
0 75 149
0 76 150
0 75 156
125 37 86
139 47 49
139 85 32
143 101 22
143 102 22
137 85 31
131 46 48
120 27 82
2 71 155
0 77 151
0 75 149
0 75 149
0 75 149
0 75 149
0 78 154
47 63 128
171 32 72
165 34 75
164 34 75
164 34 75
166 34 75
173 33 79
145 19 76
79 51 55
174 149 3
246 199 0
244 200 0
135 111 10
17 16 32
60 58 66
255 255 255
0 0 0
0 0 0
0 0 0
0 0 0
0 0 0
0 0 0
0 0 0
0 0 0
0 0 0
0 0 0
0 0 0
0 0 0
0 0 0
0 0 0
0 0 0
0 0 0
0 0 0
0 0 0
0 0 0
255 255 255
65 64 71
14 13 32
113 93 13
236 193 0
247 202 0
216 180 0
126 94 21
112 26 59
154 22 79
172 33 79
167 34 76
164 34 75
175 31 70
65 59 120
0 78 154
0 75 149
0 75 149
0 75 149
0 75 149
0 76 150
2 75 148
141 40 88
175 28 76
157 23 79
148 22 77
148 22 76
156 23 79
174 28 77
149 39 86
6 73 146
0 76 151
0 75 149
0 75 149
0 75 149
0 75 149
0 78 154
47 63 128
171 32 72
165 34 75
166 34 76
172 33 79
157 23 79
115 24 62
120 85 24
209 173 0
247 201 0
240 197 0
130 107 11
16 15 30
63 63 71
254 254 254
0 0 0
0 0 0
0 0 0
0 0 0
0 0 0
0 0 0
0 0 0
0 0 0
0 0 0
0 0 0
0 0 0
0 0 0
0 0 0
0 0 0
0 0 0
0 0 0
0 0 0
0 0 0
0 0 0
0 0 0
0 0 0
255 255 255
67 66 72
13 13 33
87 71 16
217 178 2
248 203 0
236 198 0
177 152 3
117 74 30
116 26 61
147 21 77
168 29 80
182 31 73
66 60 121
0 78 154
0 75 149
0 75 149
0 75 149
0 75 149
0 76 150
2 75 148
138 40 87
171 32 72
165 34 75
166 34 76
166 34 76
165 34 75
170 33 72
145 39 84
6 73 146
0 76 151
0 75 149
0 75 149
0 75 149
0 75 149
0 78 154
48 64 129
177 32 74
170 30 80
149 21 77
117 24 62
115 68 32
170 145 5
233 196 0
248 203 0
224 183 1
101 83 15
14 14 32
60 60 68
238 238 221
0 0 0
0 0 0
0 0 0
0 0 0
0 0 0
0 0 0
0 0 0
0 0 0
0 0 0
0 0 0
0 0 0
0 0 0
0 0 0
0 0 0
0 0 0
0 0 0
0 0 0
0 0 0
0 0 0
0 0 0
0 0 0
0 0 0
0 0 0
0 0 0
81 80 83
24 23 42
48 40 22
168 138 8
240 196 0
248 203 0
229 194 0
178 152 3
128 90 23
112 44 47
137 20 62
46 46 121
0 73 163
0 75 159
0 77 156
0 77 154
0 76 152
0 77 151
2 75 149
139 40 87
172 32 72
165 34 75
165 34 75
165 34 75
165 34 75
171 33 72
146 39 84
6 73 147
0 77 152
0 76 152
0 77 154
0 77 156
0 75 159
0 73 164
30 50 130
135 20 64
113 41 49
124 85 25
172 146 4
226 192 0
247 203 0
243 199 0
180 147 6
56 47 20
21 21 41
63 61 68
0 0 0
0 0 0
0 0 0
0 0 0
0 0 0
0 0 0
0 0 0
0 0 0
0 0 0
0 0 0
0 0 0
0 0 0
0 0 0
0 0 0
0 0 0
0 0 0
0 0 0
0 0 0
0 0 0
0 0 0
0 0 0
0 0 0
0 0 0
0 0 0
0 0 0
0 0 0
0 0 0
89 89 89
31 30 44
19 18 32
89 73 15
192 157 5
241 197 0
249 204 0
237 198 0
207 177 0
166 136 6
116 101 30
57 75 67
25 63 93
0 57 120
0 57 134
0 59 143
0 64 153
0 66 154
131 31 91
166 23 76
158 25 79
158 25 79
158 25 79
158 25 79
165 24 76
138 30 88
0 64 152
0 65 154
0 59 144
0 57 135
0 57 122
22 61 95
53 73 69
109 98 34
162 132 7
203 174 0
235 197 0
249 204 0
243 199 0
199 163 4
100 82 14
22 20 29
31 31 45
92 89 92
0 0 0
0 0 0
0 0 0
0 0 0
0 0 0
0 0 0
0 0 0
0 0 0
0 0 0
0 0 0
0 0 0
0 0 0
0 0 0
0 0 0
0 0 0
0 0 0
0 0 0
0 0 0
0 0 0
0 0 0
0 0 0
0 0 0
0 0 0
0 0 0
0 0 0
0 0 0
0 0 0
0 0 0
0 0 0
195 195 195
65 65 70
29 29 46
26 23 28
92 76 15
176 145 6
228 186 0
247 202 0
248 205 0
245 200 0
232 184 0
211 168 0
179 145 3
150 125 13
132 115 24
106 101 37
83 87 49
113 71 38
122 68 34
121 69 35
121 69 35
121 69 35
121 69 35
122 68 34
114 70 37
84 86 49
103 99 39
129 114 25
149 124 13
176 143 4
209 166 0
230 183 0
245 198 0
248 205 0
248 203 0
231 189 0
182 149 5
100 83 14
31 26 27
24 24 43
63 62 68
170 170 170
0 0 0
0 0 0
0 0 0
0 0 0
0 0 0
0 0 0
0 0 0
0 0 0
0 0 0
0 0 0
0 0 0
0 0 0
0 0 0
0 0 0
0 0 0
0 0 0
0 0 0
0 0 0
0 0 0
0 0 0
0 0 0
0 0 0
0 0 0
0 0 0
0 0 0
0 0 0
0 0 0
0 0 0
0 0 0
0 0 0
0 0 0
0 0 0
141 141 141
65 63 70
27 27 45
23 21 34
61 51 22
121 99 12
179 147 6
216 177 2
238 195 0
247 202 0
252 205 0
252 205 0
251 203 0
249 200 0
244 195 0
227 191 0
224 191 0
225 191 0
225 191 0
225 191 0
225 191 0
225 191 0
226 190 0
243 195 0
248 199 0
251 203 0
252 205 0
252 206 0
248 203 0
239 196 0
218 179 1
184 151 5
127 104 12
67 56 21
25 24 33
24 24 41
58 57 66
127 127 127
0 0 0
0 0 0
0 0 0
0 0 0
0 0 0
0 0 0
0 0 0
0 0 0
0 0 0
0 0 0
0 0 0
0 0 0
0 0 0
0 0 0
0 0 0
0 0 0
0 0 0
0 0 0
0 0 0
0 0 0
0 0 0
0 0 0
0 0 0
0 0 0
0 0 0
0 0 0
0 0 0
0 0 0
0 0 0
0 0 0
0 0 0
0 0 0
0 0 0
0 0 0
0 0 0
0 0 0
164 164 164
70 68 75
31 31 48
21 22 40
26 24 34
45 38 24
84 69 18
115 95 13
151 124 8
178 146 6
194 159 4
200 164 3
220 181 1
237 194 0
227 185 0
227 186 0
227 186 0
227 186 0
227 186 0
226 185 0
236 193 0
223 182 0
200 164 3
194 159 4
179 147 6
153 126 8
117 97 12
87 72 18
49 41 24
27 25 33
17 17 35
29 28 45
68 68 74
150 150 150
0 0 0
0 0 0
0 0 0
0 0 0
0 0 0
0 0 0
0 0 0
0 0 0
0 0 0
0 0 0
0 0 0
0 0 0
0 0 0
0 0 0
0 0 0
0 0 0
0 0 0
0 0 0
0 0 0
0 0 0
0 0 0
0 0 0
0 0 0
0 0 0
0 0 0
0 0 0
0 0 0
0 0 0
0 0 0
0 0 0
0 0 0
0 0 0
0 0 0
0 0 0
0 0 0
0 0 0
0 0 0
0 0 0
0 0 0
0 0 0
0 0 0
121 121 127
69 69 76
53 53 67
26 26 44
22 22 41
24 23 40
27 24 34
33 29 30
30 27 29
53 44 21
193 158 5
243 199 0
226 185 0
226 185 0
226 185 0
226 185 0
241 197 0
204 168 4
60 50 19
29 25 28
33 29 31
27 25 34
24 24 40
21 21 40
25 25 44
47 47 62
66 63 73
95 89 95
0 0 0
0 0 0
0 0 0
0 0 0
0 0 0
0 0 0
0 0 0
0 0 0
0 0 0
0 0 0
0 0 0
0 0 0
0 0 0
0 0 0
0 0 0
0 0 0
0 0 0
0 0 0
0 0 0
0 0 0
0 0 0
0 0 0
0 0 0
0 0 0
0 0 0
0 0 0
0 0 0
0 0 0
0 0 0
0 0 0
0 0 0
0 0 0
0 0 0
0 0 0
0 0 0
0 0 0
0 0 0
0 0 0
0 0 0
0 0 0
0 0 0
0 0 0
0 0 0
0 0 0
0 0 0
0 0 0
0 0 0
0 0 0
122 122 132
119 119 123
63 63 72
50 48 60
42 40 50
28 28 46
31 27 23
172 141 7
244 199 0
228 187 0
227 185 0
244 199 0
186 153 6
40 34 21
31 32 49
49 47 57
50 48 60
67 64 72
116 116 120
127 118 127
255 255 255
0 0 0
0 0 0
0 0 0
0 0 0
0 0 0
0 0 0
0 0 0
0 0 0
0 0 0
0 0 0
0 0 0
0 0 0
0 0 0
0 0 0
0 0 0
0 0 0
0 0 0
0 0 0
0 0 0
0 0 0
0 0 0
0 0 0
0 0 0
0 0 0
0 0 0
0 0 0
0 0 0
0 0 0
0 0 0
0 0 0
0 0 0
0 0 0
0 0 0
0 0 0
0 0 0
0 0 0
0 0 0
0 0 0
0 0 0
0 0 0
0 0 0
0 0 0
0 0 0
0 0 0
0 0 0
0 0 0
0 0 0
0 0 0
0 0 0
0 0 0
0 0 0
0 0 0
0 0 0
0 0 0
0 0 0
0 0 0
108 108 103
38 38 52
19 17 26
141 115 11
241 197 0
245 200 0
154 127 9
25 22 25
31 30 45
112 112 112
0 0 0
0 0 0
0 0 0
0 0 0
0 0 0
0 0 0
0 0 0
0 0 0
0 0 0
0 0 0
0 0 0
0 0 0
0 0 0
0 0 0
0 0 0
0 0 0
0 0 0
0 0 0
0 0 0
0 0 0
0 0 0
0 0 0
0 0 0
0 0 0
0 0 0
0 0 0
0 0 0
0 0 0
0 0 0
0 0 0
0 0 0
0 0 0
0 0 0
0 0 0
0 0 0
0 0 0
0 0 0
0 0 0
0 0 0
0 0 0
0 0 0
0 0 0
0 0 0
0 0 0
0 0 0
0 0 0
0 0 0
0 0 0
0 0 0
0 0 0
0 0 0
0 0 0
0 0 0
0 0 0
0 0 0
0 0 0
0 0 0
0 0 0
0 0 0
0 0 0
0 0 0
0 0 0
0 0 0
138 138 138
48 48 59
16 16 33
109 89 14
121 100 12
18 16 30
46 45 56
127 120 120
0 0 0
0 0 0
0 0 0
0 0 0
0 0 0
0 0 0
0 0 0
0 0 0
0 0 0
0 0 0
0 0 0
0 0 0
0 0 0
0 0 0
0 0 0
0 0 0
0 0 0
0 0 0
0 0 0
0 0 0
0 0 0
0 0 0
0 0 0
0 0 0
0 0 0
0 0 0
0 0 0
0 0 0
0 0 0
0 0 0
0 0 0
0 0 0
0 0 0
0 0 0
0 0 0
0 0 0
0 0 0
0 0 0
0 0 0
0 0 0
0 0 0
0 0 0
0 0 0
0 0 0
0 0 0
0 0 0
0 0 0
0 0 0
0 0 0
0 0 0
0 0 0
0 0 0
0 0 0
0 0 0
0 0 0
0 0 0
0 0 0
0 0 0
0 0 0
0 0 0
0 0 0
0 0 0
0 0 0
0 0 0
0 0 0
255 255 255
61 61 64
22 21 36
23 22 38
69 66 73
236 236 236
0 0 0
0 0 0
0 0 0
0 0 0
0 0 0
0 0 0
0 0 0
0 0 0
0 0 0
0 0 0
0 0 0
0 0 0
0 0 0
0 0 0
0 0 0
0 0 0
0 0 0
0 0 0
0 0 0
0 0 0
0 0 0
0 0 0
0 0 0
0 0 0
0 0 0
0 0 0
0 0 0
0 0 0
0 0 0
0 0 0
0 0 0
0 0 0
0 0 0
0 0 0
0 0 0
0 0 0
0 0 0
0 0 0
0 0 0
0 0 0
0 0 0
0 0 0
0 0 0
0 0 0
0 0 0
0 0 0
0 0 0
0 0 0
0 0 0
0 0 0
0 0 0
0 0 0
0 0 0
0 0 0
0 0 0
0 0 0
0 0 0
0 0 0
0 0 0
0 0 0
0 0 0
0 0 0
0 0 0
0 0 0
0 0 0
0 0 0
0 0 0
0 0 0
68 65 68
74 72 76
0 0 0
0 0 0
0 0 0
0 0 0
0 0 0
0 0 0
0 0 0
0 0 0
0 0 0
0 0 0
0 0 0
0 0 0
0 0 0
0 0 0
0 0 0
0 0 0
0 0 0
0 0 0
0 0 0
0 0 0
0 0 0
0 0 0
0 0 0
0 0 0
0 0 0
0 0 0
0 0 0
0 0 0
0 0 0
0 0 0
0 0 0
0 0 0
0 0 0
0 0 0
0 0 0
0 0 0
0 0 0
0 0 0
0 0 0
0 0 0
0 0 0
0 0 0
0 0 0
0 0 0
0 0 0
0 0 0
0 0 0
0 0 0
0 0 0
0 0 0
0 0 0
0 0 0
0 0 0
0 0 0
0 0 0
0 0 0
0 0 0
0 0 0
0 0 0
0 0 0
0 0 0
0 0 0
0 0 0
0 0 0
0 0 0
0 0 0
0 0 0
0 0 0
0 0 0
0 0 0
0 0 0
0 0 0
0 0 0
0 0 0
0 0 0
0 0 0
0 0 0
0 0 0
0 0 0
0 0 0
0 0 0
0 0 0
0 0 0
0 0 0
0 0 0
0 0 0
0 0 0
0 0 0
0 0 0
0 0 0
0 0 0
0 0 0
0 0 0
0 0 0
0 0 0
0 0 0
0 0 0
0 0 0
0 0 0
0 0 0
0 0 0
0 0 0
0 0 0
0 0 0
0 0 0
0 0 0
0 0 0
