96 96
0 0 0
0 0 0
0 0 0
0 0 0
0 0 0
0 0 0
0 0 0
0 0 0
0 0 0
0 0 0
0 0 0
0 0 0
75 56 48
83 62 53
80 56 48
98 71 57
92 61 51
93 60 50
94 74 58
89 72 57
94 77 61
85 74 59
83 72 59
85 79 67
66 66 71
64 61 66
65 64 69
63 50 47
62 46 40
62 46 40
62 46 40
62 46 40
62 46 40
62 46 40
62 46 40
62 46 40
62 46 40
62 46 40
62 46 40
62 46 40
62 46 40
62 46 40
62 46 40
62 46 40
62 46 40
62 46 40
62 46 40
62 46 40
62 46 40
62 46 40
62 46 40
62 46 40
62 46 40
62 46 40
62 46 40
62 46 40
62 46 40
62 46 40
62 46 40
62 46 40
62 46 40
62 46 40
62 46 40
62 46 40
62 46 40
62 46 40
62 46 40
62 46 40
62 46 40
62 46 40
62 46 40
62 46 40
62 46 40
62 46 40
62 46 40
62 46 40
62 46 40
62 46 40
63 46 41
67 51 44
71 54 47
67 50 44
70 52 46
68 51 45
0 0 0
0 0 0
0 0 0
0 0 0
0 0 0
0 0 0
0 0 0
0 0 0
0 0 0
0 0 0
0 0 0
0 0 0
0 0 0
0 0 0
0 0 0
0 0 0
0 0 0
0 0 0
0 0 0
0 0 0
0 0 0
0 0 0
70 53 46
72 54 47
70 53 46
65 48 42
71 50 44
100 61 51
97 60 50
100 62 51
102 82 63
99 80 62
102 85 65
91 82 65
90 80 64
91 86 72
66 71 78
65 66 73
65 69 76
63 50 48
63 46 41
62 46 41
63 46 41
63 46 41
63 46 41
62 46 41
63 46 41
63 46 41
62 46 41
63 46 41
63 46 41
62 46 41
63 46 41
63 46 41
62 46 41
63 46 41
63 46 41
62 46 41
63 46 41
63 46 41
62 46 41
63 46 41
63 46 41
62 46 41
63 46 41
63 46 41
62 46 41
63 46 41
62 46 41
63 46 41
63 46 41
62 46 41
63 46 41
63 46 41
62 46 41
63 46 41
63 46 41
62 46 41
63 46 41
63 46 41
62 46 41
63 46 41
63 46 41
62 46 41
63 46 41
63 46 41
62 46 41
63 46 41
63 46 41
62 46 41
63 46 41
63 46 41
62 46 41
63 46 41
64 47 42
67 50 44
73 55 48
72 54 47
70 52 46
0 0 0
0 0 0
0 0 0
0 0 0
0 0 0
0 0 0
0 0 0
0 0 0
0 0 0
0 0 0
0 0 0
0 0 0
0 0 0
0 0 0
0 0 0
0 0 0
0 0 0
73 56 49
72 55 47
69 51 45
65 48 43
65 48 43
65 48 43
73 51 45
110 65 54
106 63 53
109 66 54
112 91 67
109 90 66
112 94 69
99 91 71
98 90 70
99 95 77
68 76 87
67 72 82
67 74 85
65 51 49
65 48 43
65 48 43
65 48 43
65 48 43
65 48 43
65 48 43
65 48 43
65 48 43
65 48 43
65 48 43
65 48 43
65 48 43
65 48 43
65 48 43
65 48 43
65 48 43
65 48 43
65 48 43
65 48 43
65 48 43
65 48 43
65 48 43
65 48 43
65 48 43
65 48 43
65 48 43
65 48 43
65 48 43
65 48 43
65 48 43
65 48 43
65 48 43
65 48 43
65 48 43
65 48 43
65 48 43
65 48 43
65 48 43
65 48 43
65 48 43
65 48 43
65 48 43
65 48 43
65 48 43
65 48 43
65 48 43
65 48 43
65 48 43
65 48 43
65 48 43
65 48 43
65 48 43
65 48 43
65 48 43
65 48 43
65 48 43
65 48 43
68 51 44
74 56 48
80 62 54
0 0 0
0 0 0
0 0 0
0 0 0
0 0 0
0 0 0
0 0 0
0 0 0
0 0 0
0 0 0
0 0 0
0 0 0
0 0 0
0 0 0
0 0 0
77 59 51
72 55 48
67 50 44
66 49 44
66 49 44
66 49 44
66 49 44
75 52 46
120 68 56
116 66 55
119 69 57
123 101 70
120 99 69
122 103 72
106 100 77
105 99 76
106 103 83
69 81 95
68 78 91
68 79 94
67 53 50
66 49 44
66 49 44
66 49 44
66 49 44
66 49 44
66 49 44
66 49 44
66 49 44
66 49 44
66 49 44
66 49 44
66 49 44
66 49 44
66 49 44
66 49 44
66 49 44
66 49 44
66 49 44
66 49 44
66 49 44
66 49 44
66 49 44
66 49 44
66 49 44
66 49 44
66 49 44
66 49 44
66 49 44
66 49 44
66 49 44
66 49 44
66 49 44
66 49 44
66 49 44
66 49 44
66 49 44
66 49 44
66 49 44
66 49 44
66 49 44
66 49 44
66 49 44
66 49 44
66 49 44
66 49 44
66 49 44
66 49 44
66 49 44
66 49 44
66 49 44
66 49 44
66 49 44
66 49 44
66 49 44
66 49 44
66 49 44
66 49 44
66 49 44
66 49 44
71 53 47
75 57 49
74 56 49
0 0 0
0 0 0
0 0 0
0 0 0
0 0 0
0 0 0
0 0 0
0 0 0
0 0 0
0 0 0
0 0 0
0 0 0
76 57 50
72 54 47
68 51 45
68 51 45
68 51 45
68 51 45
68 51 45
68 51 45
77 54 47
129 70 58
126 69 57
128 72 59
132 110 73
130 108 72
132 112 75
113 110 82
112 109 82
112 112 88
70 86 103
69 83 99
69 84 102
68 55 52
68 51 45
68 51 45
68 51 45
68 51 45
68 51 45
68 51 45
68 51 45
68 51 45
68 51 45
68 51 45
68 51 45
68 51 45
68 51 45
68 51 45
68 51 45
68 51 45
68 51 45
68 51 45
68 51 45
68 51 45
68 51 45
68 51 45
68 51 45
68 51 45
68 51 45
68 51 45
68 51 45
68 51 45
68 51 45
68 51 45
68 51 45
68 51 45
68 51 45
68 51 45
68 51 45
68 51 45
68 51 45
68 51 45
68 51 45
68 51 45
68 51 45
68 51 45
68 51 45
68 51 45
68 51 45
68 51 45
68 51 45
68 51 45
68 51 45
68 51 45
68 51 45
68 51 45
68 51 45
68 51 45
68 51 45
68 51 45
68 51 45
68 51 45
68 51 45
68 51 45
70 53 47
77 59 51
74 56 49
0 0 0
0 0 0
0 0 0
0 0 0
0 0 0
0 0 0
0 0 0
0 0 0
0 0 0
0 0 0
86 68 58
72 54 48
70 53 47
70 53 47
70 53 47
70 53 47
70 53 47
70 53 47
70 53 47
79 55 48
138 71 59
135 70 58
137 73 59
143 118 74
140 117 73
142 120 76
120 118 88
119 118 87
118 120 93
71 91 111
70 88 108
70 89 110
70 56 53
70 53 47
70 53 47
70 53 47
70 53 47
70 53 47
70 53 47
70 53 47
70 53 47
70 53 47
70 53 47
70 53 47
70 53 47
70 53 47
70 53 47
70 53 47
70 53 47
70 53 47
70 53 47
70 53 47
70 53 47
70 53 47
70 53 47
70 53 47
70 53 47
70 53 47
70 53 47
70 53 47
70 53 47
70 53 47
70 53 47
70 53 47
70 53 47
70 53 47
70 53 47
70 53 47
70 53 47
70 53 47
70 53 47
70 53 47
70 53 47
70 53 47
70 53 47
70 53 47
70 53 47
70 53 47
70 53 47
70 53 47
70 53 47
70 53 47
70 53 47
70 53 47
70 53 47
70 53 47
70 53 47
70 53 47
70 53 47
70 53 47
70 53 47
70 53 47
70 53 47
70 53 47
71 53 47
77 59 51
76 57 50
0 0 0
0 0 0
0 0 0
0 0 0
0 0 0
0 0 0
0 0 0
0 0 0
88 68 57
74 56 50
72 54 48
72 54 48
72 54 48
72 54 48
72 54 48
72 54 48
72 54 48
72 54 48
81 56 50
147 72 60
144 71 59
146 75 61
153 127 74
151 126 73
151 129 76
126 128 93
125 127 92
124 128 98
72 95 118
71 92 115
71 93 117
72 58 54
72 54 48
72 54 48
72 54 48
72 54 48
72 54 48
72 54 48
72 54 48
72 54 48
72 54 48
72 54 48
72 54 48
72 54 48
72 54 48
72 54 48
72 54 48
72 54 48
72 54 48
72 54 48
72 54 48
72 54 48
72 54 48
72 54 48
72 54 48
72 54 48
72 54 48
72 54 48
72 54 48
72 54 48
72 54 48
72 54 48
72 54 48
72 54 48
72 54 48
72 54 48
72 54 48
72 54 48
72 54 48
72 54 48
72 54 48
72 54 48
72 54 48
72 54 48
72 54 48
72 54 48
72 54 48
72 54 48
72 54 48
72 54 48
72 54 48
72 54 48
72 54 48
72 54 48
72 54 48
72 54 48
72 54 48
72 54 48
72 54 48
72 54 48
72 54 48
72 54 48
72 54 48
72 54 48
73 55 49
80 61 53
78 60 52
0 0 0
0 0 0
0 0 0
0 0 0
0 0 0
0 0 0
84 65 56
77 59 52
74 56 49
74 56 50
74 56 50
74 56 49
74 56 50
74 56 50
74 56 50
74 56 49
74 56 50
83 58 51
156 72 61
153 72 60
155 76 61
162 135 74
160 134 73
160 137 76
132 136 97
132 135 96
129 136 102
72 100 125
72 97 123
71 98 124
74 59 56
74 56 50
74 56 49
74 56 50
74 56 50
74 56 50
74 56 49
74 56 50
74 56 50
74 56 49
74 56 50
74 56 50
74 56 49
74 56 50
74 56 50
74 56 49
74 56 50
74 56 50
74 56 49
74 56 50
74 56 50
74 56 49
74 56 50
74 56 50
74 56 49
74 56 50
74 56 50
74 56 49
74 56 50
74 56 49
74 56 50
74 56 50
74 56 49
74 56 50
74 56 50
74 56 49
74 56 50
74 56 50
74 56 49
74 56 50
74 56 50
74 56 49
74 56 50
74 56 50
74 56 49
74 56 50
70 52 47
59 44 39
53 39 34
53 39 34
53 39 34
53 39 34
53 39 34
53 39 34
53 39 34
57 42 37
67 50 44
74 56 50
74 56 50
74 56 49
74 56 50
74 56 50
74 56 49
74 56 50
76 58 51
84 65 56
0 0 0
0 0 0
0 0 0
0 0 0
0 0 0
83 65 56
81 62 54
76 57 51
76 57 51
76 57 51
76 57 51
76 57 51
76 57 51
76 57 51
76 57 51
76 57 51
76 57 51
85 59 52
164 72 61
161 71 61
163 75 61
171 143 73
169 142 72
169 144 75
137 144 101
137 143 100
134 143 105
72 103 133
72 101 131
71 102 132
76 60 57
76 57 51
76 57 51
76 57 51
76 57 51
76 57 51
76 57 51
76 57 51
76 57 51
76 57 51
76 57 51
76 57 51
76 57 51
76 57 51
76 57 51
76 57 51
76 57 51
76 57 51
76 57 51
76 57 51
76 57 51
76 57 51
76 57 51
76 57 51
76 57 51
76 57 51
76 57 51
76 57 51
76 57 51
76 57 51
76 57 51
76 57 51
76 57 51
76 57 51
76 57 51
76 57 51
76 57 51
76 57 51
76 57 51
76 57 51
76 57 51
76 57 51
76 57 51
76 57 51
75 57 51
46 33 29
23 14 11
18 10 8
18 10 8
18 10 8
18 10 8
18 10 8
18 10 8
18 10 8
18 10 8
18 9 7
20 12 9
38 26 23
71 53 47
76 57 51
76 57 51
76 57 51
76 57 51
76 57 51
76 57 51
80 60 53
83 63 55
0 0 0
0 0 0
0 0 0
0 0 0
84 64 56
78 60 53
78 59 52
78 59 52
78 59 52
78 59 52
78 59 52
78 59 52
78 59 52
78 59 52
78 59 52
78 59 52
87 60 53
172 71 60
170 70 59
172 75 60
181 150 70
179 149 69
179 151 73
143 152 105
142 152 104
139 151 108
72 107 140
71 105 138
71 105 139
77 62 58
78 59 52
78 59 52
78 59 52
78 59 52
78 59 52
78 59 52
78 59 52
78 59 52
78 59 52
78 59 52
78 59 52
78 59 52
78 59 52
78 59 52
78 59 52
78 59 52
78 59 52
78 59 52
78 59 52
78 59 52
78 59 52
78 59 52
78 59 52
78 59 52
78 59 52
78 59 52
78 59 52
78 59 52
78 59 52
78 59 52
78 59 52
78 59 52
78 59 52
78 59 52
78 59 52
78 59 52
78 59 52
78 59 52
78 59 52
78 59 52
78 59 52
78 59 52
76 57 51
36 24 21
20 11 8
20 11 9
20 12 9
16 9 7
9 5 4
5 3 2
4 3 2
4 3 3
7 4 3
14 8 6
20 11 9
20 11 9
20 11 9
26 16 13
69 52 46
78 59 52
78 59 52
78 59 52
78 59 52
78 59 52
78 59 52
86 66 58
84 64 56
0 0 0
0 0 0
85 65 57
83 64 56
80 61 54
80 61 54
79 61 54
80 61 54
80 61 54
79 61 54
80 61 54
80 61 54
80 61 54
79 61 54
80 61 54
90 62 54
181 69 59
178 69 59
180 74 60
190 158 66
188 156 66
187 158 69
147 160 108
147 159 108
143 158 112
72 110 146
72 109 145
71 109 145
79 64 60
80 61 54
79 61 54
80 61 54
80 61 54
80 61 54
79 61 54
80 61 54
80 61 54
79 61 54
80 61 54
80 61 54
79 61 54
80 61 54
80 61 54
79 61 54
80 61 54
80 61 54
79 61 54
80 61 54
80 61 54
79 61 54
80 61 54
80 61 54
79 61 54
80 61 54
80 61 54
79 61 54
80 61 54
79 61 54
80 61 54
80 61 54
79 61 54
80 61 54
80 61 54
79 61 54
80 61 54
80 61 54
79 61 54
80 61 54
80 61 54
79 61 54
80 61 54
49 35 30
22 12 9
22 12 10
20 11 9
8 5 4
3 2 3
5 4 4
6 6 6
7 7 7
7 6 6
6 5 6
3 3 3
6 4 3
18 10 8
22 12 10
22 12 10
33 22 18
79 61 54
80 61 54
79 61 54
80 61 54
80 61 54
79 61 54
81 62 55
88 69 59
0 0 0
0 0 0
89 69 59
82 63 56
82 62 55
82 62 55
82 62 55
82 62 55
82 62 55
82 62 55
82 62 55
82 62 55
82 62 55
82 62 55
82 62 55
92 63 55
188 66 58
186 66 58
188 72 58
198 164 62
197 163 62
196 165 65
151 167 111
151 166 110
147 164 114
71 112 152
71 112 151
71 112 151
81 65 61
82 62 55
82 62 55
82 62 55
82 62 55
82 62 55
82 62 55
82 62 55
82 62 55
82 62 55
82 62 55
82 62 55
82 62 55
82 62 55
82 62 55
82 62 55
82 62 55
82 62 55
82 62 55
82 62 55
82 62 55
82 62 55
82 62 55
82 62 55
82 62 55
82 62 55
82 62 55
82 62 55
82 62 55
82 62 55
82 62 55
82 62 55
82 62 55
82 62 55
82 62 55
82 62 55
82 62 55
82 62 55
82 62 55
82 62 55
82 62 55
82 62 55
76 58 51
27 17 13
23 13 10
22 12 10
6 3 3
4 4 4
7 7 7
10 10 10
12 11 12
13 12 12
13 12 12
25 24 24
35 35 35
9 9 9
4 3 3
19 11 9
23 13 11
22 13 10
65 49 43
82 62 55
82 62 55
82 62 55
82 62 55
82 62 55
82 62 55
88 68 59
0 0 0
91 70 61
88 68 60
83 64 57
83 64 57
83 64 57
83 64 57
83 64 57
83 64 57
83 64 57
83 64 57
83 64 57
83 64 57
83 64 57
83 64 57
94 64 56
196 63 56
194 63 56
195 69 56
207 171 56
206 169 56
204 171 59
156 174 113
155 173 113
151 171 116
71 115 158
70 114 158
70 114 158
83 67 62
83 64 57
83 64 57
83 64 57
83 64 57
83 64 57
83 64 57
83 64 57
83 64 57
83 64 57
83 64 57
83 64 57
83 64 57
83 64 57
83 64 57
83 64 57
83 64 57
83 64 57
83 64 57
83 64 57
83 64 57
83 64 57
83 64 57
83 64 57
83 64 57
83 64 57
83 64 57
83 64 57
83 64 57
83 64 57
83 64 57
83 64 57
83 64 57
83 64 57
83 64 57
83 64 57
83 64 57
83 64 57
83 64 57
83 64 57
83 64 57
83 64 57
65 48 42
25 15 11
25 15 11
9 5 4
4 4 4
9 8 8
13 12 12
16 15 16
18 17 18
19 18 18
19 18 18
43 43 42
52 52 51
46 46 45
12 11 11
5 3 3
23 14 11
25 15 11
48 34 29
84 65 57
83 64 57
83 64 57
83 64 57
83 64 57
83 64 57
86 66 59
90 70 61
97 74 64
87 67 60
85 65 58
85 66 58
85 66 58
85 65 58
85 66 58
85 66 58
85 65 58
85 66 58
85 66 58
85 66 58
85 65 58
85 66 58
95 65 58
203 60 54
201 60 54
202 67 54
216 177 50
214 175 50
212 177 54
159 181 115
159 181 115
154 178 118
70 117 164
70 117 164
70 116 163
84 68 63
85 66 58
85 65 58
85 66 58
85 66 58
85 66 58
85 65 58
85 66 58
85 66 58
85 65 58
85 66 58
85 66 58
85 65 58
85 66 58
85 66 58
85 65 58
85 66 58
85 66 58
85 65 58
85 66 58
85 66 58
85 65 58
85 66 58
85 66 58
85 65 58
85 66 58
85 66 58
85 65 58
85 66 58
85 65 58
85 66 58
85 66 58
85 65 58
85 66 58
85 66 58
85 65 58
85 66 58
85 66 58
85 65 58
85 66 58
85 66 58
85 65 58
61 45 39
27 15 12
21 12 10
2 3 3
8 7 8
12 12 12
17 16 16
21 20 20
23 22 23
25 23 24
28 27 27
51 51 50
52 52 51
52 52 51
41 41 41
5 4 5
14 8 7
27 16 12
44 30 25
85 66 58
85 65 58
85 66 58
85 66 58
85 65 58
85 66 58
86 66 59
92 71 62
93 72 63
88 67 60
87 67 59
87 67 59
87 67 59
87 67 59
87 67 59
87 67 59
87 67 59
87 67 59
87 67 59
87 67 59
87 67 59
87 67 59
97 66 58
210 56 52
208 56 52
210 63 52
225 183 43
224 182 43
221 182 48
162 187 117
162 187 117
156 183 119
69 119 170
68 119 170
68 118 169
86 70 65
87 67 59
87 67 59
87 67 59
87 67 59
87 67 59
87 67 59
87 67 59
87 67 59
87 67 59
87 67 59
87 67 59
87 67 59
87 67 59
87 67 59
87 67 59
87 67 59
87 67 59
87 67 59
87 67 59
87 67 59
87 67 59
87 67 59
87 67 59
87 67 59
87 67 59
87 67 59
87 67 59
87 67 59
87 67 59
87 67 59
87 67 59
87 67 59
87 67 59
87 67 59
87 67 59
87 67 59
87 67 59
87 67 59
87 67 59
87 67 59
87 67 59
63 46 40
29 17 13
12 7 5
5 5 5
11 10 10
15 15 15
20 19 20
25 23 24
28 26 27
30 28 29
29 28 29
38 37 37
52 52 51
52 52 51
47 46 46
11 11 11
6 4 4
28 17 13
45 31 26
87 67 59
87 67 59
87 67 59
87 67 59
87 67 59
87 67 59
87 67 59
93 72 62
100 79 66
89 69 61
89 69 61
89 69 61
89 69 61
89 69 61
89 69 61
89 69 61
89 69 61
89 69 61
89 69 61
89 69 61
89 69 61
89 69 61
99 67 60
217 50 49
215 51 49
217 59 48
233 189 34
232 187 34
229 188 39
165 194 118
165 194 118
159 189 121
67 121 175
67 121 176
67 120 175
88 71 66
89 69 61
89 69 61
89 69 61
89 69 61
89 69 61
89 69 61
89 69 61
89 69 61
89 69 61
89 69 61
89 69 61
89 69 61
89 69 61
89 69 61
89 69 61
89 69 61
89 69 61
89 69 61
89 69 61
89 69 61
89 69 61
89 69 61
89 69 61
89 69 61
89 69 61
89 69 61
89 69 61
89 69 61
89 69 61
89 69 61
89 69 61
89 69 61
89 69 61
89 69 61
89 69 61
89 69 61
89 69 61
89 69 61
89 69 61
89 69 61
89 69 61
65 48 41
30 17 14
6 4 3
7 6 7
12 12 12
17 17 17
23 22 23
28 27 28
32 31 32
35 33 33
34 32 33
30 28 29
37 36 36
27 26 26
15 14 14
9 9 9
4 3 3
26 15 12
47 32 27
89 69 61
89 69 61
89 69 61
89 69 61
89 69 61
89 69 61
89 69 61
93 72 63
96 75 65
91 70 62
91 70 62
91 70 62
91 70 62
91 70 62
91 70 62
91 70 62
91 70 62
91 70 62
91 70 62
91 70 62
91 70 62
91 70 62
102 68 61
223 45 46
222 45 46
223 53 44
241 194 25
240 193 26
236 194 31
167 200 120
167 200 119
161 195 122
66 123 181
65 123 181
65 122 180
90 72 67
91 70 62
91 70 62
91 70 62
91 70 62
91 70 62
91 70 62
91 70 62
91 70 62
91 70 62
91 70 62
91 70 62
91 70 62
91 70 62
91 70 62
91 70 62
91 70 62
91 70 62
91 70 62
91 70 62
91 70 62
91 70 62
91 70 62
91 70 62
91 70 62
91 70 62
91 70 62
91 70 62
91 70 62
91 70 62
91 70 62
91 70 62
91 70 62
91 70 62
91 70 62
91 70 62
91 70 62
91 70 62
91 70 62
91 70 62
91 70 62
91 70 62
67 49 42
31 18 14
5 4 3
7 7 7
13 13 13
19 18 18
24 23 24
30 28 29
35 33 34
39 37 37
37 35 36
32 30 31
27 25 26
21 20 21
16 15 16
10 10 10
4 4 4
26 15 12
49 33 28
91 70 62
91 70 62
91 70 62
91 70 62
91 70 62
91 70 62
91 70 62
93 72 63
96 75 65
93 72 63
93 72 63
93 72 63
93 72 63
93 72 63
93 72 63
93 72 63
93 72 63
93 72 63
93 72 63
93 72 63
93 72 63
93 72 63
103 69 61
230 39 42
228 39 42
229 48 40
249 200 15
248 198 15
244 198 21
169 206 120
169 206 120
163 200 123
64 124 185
63 124 186
64 123 185
91 74 68
93 72 63
93 72 63
93 72 63
93 72 63
93 72 63
93 72 63
93 72 63
93 72 63
93 72 63
93 72 63
93 72 63
93 72 63
93 72 63
93 72 63
93 72 63
93 72 63
93 72 63
93 72 63
93 72 63
93 72 63
93 72 63
93 72 63
93 72 63
93 72 63
93 72 63
93 72 63
93 72 63
93 72 63
93 72 63
93 72 63
93 72 63
93 72 63
93 72 63
93 72 63
93 72 63
93 72 63
93 72 63
93 72 63
93 72 63
93 72 63
93 72 63
69 50 44
33 20 15
6 4 4
7 7 7
13 12 13
18 17 18
24 23 23
30 28 29
34 32 33
37 35 36
36 34 35
31 30 31
26 25 26
21 20 21
16 15 15
10 10 10
4 4 4
29 17 14
51 35 29
93 72 63
93 72 63
93 72 63
93 72 63
93 72 63
93 72 63
93 72 63
94 73 64
96 75 66
94 73 65
94 73 65
94 73 65
94 73 65
94 73 65
94 73 65
94 73 65
94 73 65
94 73 65
94 73 65
94 73 65
94 73 65
94 73 65
105 70 63
234 33 38
233 34 38
234 44 37
254 203 7
254 201 7
248 202 13
170 210 120
170 210 120
163 204 122
62 124 189
61 124 190
62 123 189
93 75 70
94 73 65
94 73 65
94 73 65
94 73 65
94 73 65
94 73 65
94 73 65
94 73 65
94 73 65
94 73 65
94 73 65
94 73 65
94 73 65
94 73 65
94 73 65
94 73 65
94 73 65
94 73 65
94 73 65
94 73 65
94 73 65
94 73 65
94 73 65
94 73 65
94 73 65
94 73 65
94 73 65
94 73 65
94 73 65
94 73 65
94 73 65
94 73 65
94 73 65
94 73 65
94 73 65
94 73 65
94 73 65
94 73 65
94 73 65
94 73 65
94 73 65
70 52 45
36 22 17
11 7 5
6 6 6
12 11 11
17 16 16
22 21 22
27 25 26
30 29 30
32 31 32
32 30 31
29 27 28
24 23 23
20 19 19
14 14 14
9 8 9
6 4 4
34 21 16
52 36 30
94 73 65
94 73 65
94 73 65
94 73 65
94 73 65
94 73 65
94 73 65
96 75 66
98 76 67
96 75 66
96 74 66
96 75 66
96 75 66
96 74 66
96 75 66
96 75 66
96 74 66
96 75 66
96 75 66
96 75 66
96 74 66
96 75 66
107 71 64
233 33 39
232 34 39
233 43 37
254 202 8
254 200 8
248 200 14
167 209 117
167 209 117
161 203 120
61 123 189
61 123 190
61 123 188
95 76 71
96 75 66
96 74 66
96 75 66
96 75 66
96 75 66
96 74 66
96 75 66
96 75 66
96 74 66
96 75 66
96 75 66
96 74 66
96 75 66
96 75 66
96 74 66
96 75 66
96 75 66
96 74 66
96 75 66
96 75 66
96 74 66
96 75 66
96 75 66
96 74 66
96 75 66
96 75 66
96 74 66
96 75 66
96 74 66
96 75 66
96 75 66
96 74 66
96 75 66
96 75 66
96 74 66
96 75 66
96 75 66
96 74 66
96 75 66
96 75 66
96 74 66
72 54 47
38 23 18
24 14 11
4 4 4
9 9 9
14 13 14
19 18 18
23 22 23
26 25 26
28 26 27
27 26 26
25 23 24
21 20 20
17 16 16
12 12 12
7 6 6
14 9 7
39 24 18
55 38 32
96 75 66
96 74 66
96 75 66
96 75 66
96 74 66
96 75 66
96 75 66
98 76 67
100 77 69
98 76 67
98 76 67
98 76 67
98 76 67
98 76 67
98 76 67
98 76 67
98 76 67
98 76 67
98 76 67
98 76 67
98 76 67
98 76 67
108 73 65
231 33 39
230 34 39
232 43 37
254 200 9
254 198 9
247 198 15
164 207 114
164 207 114
158 201 117
61 122 188
61 123 189
61 122 187
96 78 72
98 76 67
98 76 67
98 76 67
98 76 67
98 76 67
98 76 67
98 76 67
98 76 67
98 76 67
98 76 67
98 76 67
98 76 67
98 76 67
98 76 67
98 76 67
98 76 67
98 76 67
98 76 67
98 76 67
98 76 67
98 76 67
98 76 67
98 76 67
98 76 67
98 76 67
98 76 67
98 76 67
98 76 67
98 76 67
98 76 67
98 76 67
98 76 67
98 76 67
98 76 67
98 76 67
98 76 67
98 76 67
98 76 67
98 76 67
98 76 67
98 76 67
79 60 53
40 24 19
39 24 18
6 4 4
6 6 6
11 10 11
15 15 15
19 18 18
21 20 21
22 21 22
22 21 21
20 19 19
17 16 16
13 12 13
9 8 9
4 4 4
32 20 15
40 24 19
63 46 39
98 77 68
98 76 67
98 76 67
98 76 67
98 76 67
98 76 67
98 76 67
99 77 68
102 80 70
100 78 69
100 78 69
100 78 69
100 78 69
100 78 69
100 78 69
100 78 69
100 78 69
100 78 69
100 78 69
100 78 69
100 78 69
100 78 69
110 74 66
229 33 39
228 33 39
230 43 38
254 198 10
253 196 10
247 197 16
161 205 111
161 205 111
155 200 114
60 121 187
59 121 188
60 121 187
98 79 73
100 78 69
100 78 69
100 78 69
100 78 69
100 78 69
100 78 69
100 78 69
100 78 69
100 78 69
100 78 69
100 78 69
100 78 69
100 78 69
100 78 69
100 78 69
100 78 69
100 78 69
100 78 69
100 78 69
100 78 69
100 78 69
100 78 69
100 78 69
100 78 69
100 78 69
100 78 69
100 78 69
100 78 69
100 78 69
100 78 69
100 78 69
100 78 69
100 78 69
100 78 69
100 78 69
100 78 69
100 78 69
100 78 69
100 78 69
100 78 69
100 78 69
99 79 71
45 28 23
42 26 20
33 20 16
4 3 3
6 6 6
10 10 10
13 12 13
15 14 14
16 15 16
16 15 15
14 13 14
11 11 11
8 8 8
4 4 4
23 14 12
43 26 20
41 25 19
86 68 61
100 78 69
100 78 69
100 78 69
100 78 69
100 78 69
100 78 69
100 78 69
102 79 70
103 81 71
101 79 70
101 79 70
101 79 70
101 79 70
101 79 70
101 79 70
101 79 70
101 79 70
101 79 70
101 79 70
101 79 70
101 79 70
101 79 70
111 75 68
228 33 39
227 34 40
228 43 38
253 196 11
253 194 11
246 195 17
158 204 108
158 204 108
153 198 111
60 120 187
59 121 188
60 120 186
100 81 75
101 79 70
101 79 70
101 79 70
101 79 70
101 79 70
101 79 70
101 79 70
101 79 70
101 79 70
101 79 70
101 79 70
101 79 70
101 79 70
101 79 70
101 79 70
101 79 70
101 79 70
101 79 70
101 79 70
101 79 70
101 79 70
101 79 70
101 79 70
101 79 70
101 79 70
101 79 70
101 79 70
101 79 70
101 79 70
101 79 70
101 79 70
101 79 70
101 79 70
101 79 70
101 79 70
101 79 70
101 79 70
101 79 70
101 79 70
101 79 70
101 79 70
110 90 81
70 52 46
44 27 21
44 27 21
32 19 15
6 4 4
5 5 5
8 7 8
9 9 9
11 10 10
10 9 10
9 8 8
6 6 6
5 4 4
23 15 12
44 27 21
44 27 21
50 33 27
114 95 87
101 79 70
101 79 70
101 79 70
101 79 70
101 79 70
101 79 70
101 79 70
103 80 71
105 82 73
103 81 71
103 81 71
103 81 71
103 81 71
103 81 71
103 81 71
103 81 71
103 81 71
103 81 71
103 81 71
103 81 71
103 81 71
103 81 71
113 77 69
227 33 39
226 34 40
228 43 38
253 195 12
253 193 12
246 193 17
155 203 105
155 203 105
150 197 109
59 119 186
59 120 188
59 119 186
101 82 76
103 81 71
103 81 71
103 81 71
103 81 71
103 81 71
103 81 71
103 81 71
103 81 71
103 81 71
103 81 71
103 81 71
103 81 71
103 81 71
103 81 71
103 81 71
103 81 71
102 80 71
101 79 69
100 77 68
99 77 67
99 76 67
100 77 68
101 78 69
102 80 71
103 81 71
103 81 71
103 81 71
103 81 71
103 81 71
103 81 71
103 81 71
103 81 71
103 81 71
103 81 71
103 81 71
103 81 71
103 81 71
103 81 71
103 81 71
103 81 71
103 81 71
105 83 74
119 101 93
53 35 29
46 29 22
46 29 22
41 26 20
20 13 10
5 4 4
3 3 3
3 4 4
3 4 4
4 3 3
15 10 8
36 23 18
46 29 22
46 29 22
47 29 23
104 86 79
111 90 81
103 81 71
103 81 71
103 81 71
103 81 71
103 81 71
103 81 71
103 81 71
105 82 73
107 84 74
104 82 73
104 82 73
104 82 73
104 82 73
104 82 73
104 82 73
104 82 73
104 82 73
104 82 73
104 82 73
104 82 73
104 82 73
104 82 73
114 78 70
225 33 39
224 33 39
226 43 38
252 193 13
251 191 13
245 192 18
153 201 102
153 201 102
147 195 106
59 118 185
58 119 186
59 118 185
102 84 78
104 82 73
104 82 73
104 82 73
104 82 73
104 82 73
104 82 73
104 82 73
104 82 73
104 82 73
104 82 73
104 82 73
104 82 73
103 81 71
106 84 75
124 104 94
147 130 120
169 154 145
187 175 165
199 189 179
205 195 185
205 195 185
202 192 182
191 179 169
174 160 150
153 136 127
130 111 101
109 87 78
103 80 71
104 82 73
104 82 73
104 82 73
104 82 73
104 82 73
104 82 73
104 82 73
104 82 73
104 82 73
104 82 73
104 82 73
104 82 73
104 82 73
104 82 72
119 98 89
122 104 96
63 45 38
47 29 22
48 30 23
49 30 23
47 29 23
41 26 20
37 23 18
40 25 19
46 28 22
49 30 24
48 30 23
47 29 22
55 37 30
105 87 80
128 108 100
104 82 72
104 82 73
104 82 73
104 82 73
104 82 73
104 82 73
104 82 73
104 82 73
106 84 74
108 85 76
106 83 74
106 83 74
106 83 74
106 83 74
106 83 74
106 83 74
106 83 74
106 83 74
106 83 74
106 83 74
106 83 74
106 83 74
106 83 74
115 79 71
223 33 40
222 34 40
224 43 39
252 191 14
252 190 15
245 190 19
150 199 99
150 199 99
145 193 103
58 118 185
58 118 186
58 118 184
104 85 79
106 83 74
106 83 74
106 83 74
106 83 74
106 83 74
106 83 74
106 83 74
106 83 74
106 83 74
106 83 73
108 85 75
132 113 103
177 163 153
212 203 193
228 221 211
231 225 215
231 225 215
231 224 214
231 224 214
231 224 214
230 223 213
231 224 214
231 224 214
231 224 214
232 225 215
230 222 212
218 209 199
187 175 165
143 125 115
111 89 79
106 82 73
106 83 74
106 83 74
106 83 74
106 83 74
106 83 74
106 83 74
106 83 74
106 83 74
106 83 74
106 83 74
106 83 74
107 84 75
125 105 96
133 115 107
107 89 81
80 62 55
71 53 45
71 52 45
71 52 45
71 52 45
71 52 45
71 52 45
71 52 45
76 58 51
98 79 72
129 111 103
131 112 103
109 87 77
106 83 74
106 83 74
106 83 74
106 83 74
106 83 74
106 83 74
106 83 74
106 83 74
108 85 75
111 87 77
108 85 75
108 85 75
108 85 75
108 85 75
108 85 75
108 85 75
108 85 75
108 85 75
108 85 75
108 85 75
108 85 75
108 85 75
108 85 75
117 81 73
222 33 40
221 33 40
222 41 38
251 189 14
251 187 14
244 188 19
145 197 95
145 197 95
140 192 99
55 116 184
56 117 185
57 116 184
106 86 80
108 85 75
108 85 75
108 85 75
108 85 75
108 85 75
108 85 75
108 85 75
108 85 75
108 84 75
147 129 119
203 193 183
231 224 214
231 224 214
231 224 214
230 223 213
231 224 214
231 224 214
232 225 215
235 227 217
235 228 218
235 228 218
235 228 217
233 226 216
231 224 214
231 224 214
231 224 214
230 223 213
231 224 214
232 225 215
214 205 195
164 148 138
112 90 80
108 84 75
108 85 75
108 85 75
108 85 75
108 85 75
108 85 75
108 85 75
108 85 75
108 85 75
108 85 75
108 85 75
108 85 75
121 100 90
135 116 107
140 121 113
140 122 113
140 121 113
140 121 113
140 121 113
140 121 113
140 121 113
140 121 113
140 122 113
138 119 111
125 104 95
110 87 78
108 85 75
108 85 75
108 85 75
108 85 75
108 85 75
108 85 75
108 85 75
108 85 75
108 85 75
110 86 77
112 88 78
110 86 76
110 86 76
110 86 76
110 86 76
110 86 76
110 86 76
110 86 76
110 86 76
110 86 76
110 86 76
110 86 76
110 86 76
110 86 76
118 82 73
224 50 55
227 73 74
231 91 83
252 203 65
252 202 65
247 202 69
176 209 126
176 209 126
173 205 129
114 147 198
100 139 196
75 125 187
107 87 81
110 86 76
110 86 76
110 86 76
110 86 76
110 86 76
110 86 76
109 86 76
139 120 110
209 199 189
232 225 215
230 223 213
230 223 213
231 224 214
233 226 215
215 208 199
179 173 165
141 136 131
109 104 101
88 84 81
79 74 73
79 74 73
84 79 77
103 98 95
133 128 123
169 162 156
207 200 191
231 224 214
232 225 215
230 223 213
230 223 213
232 225 215
222 213 204
156 139 129
112 88 78
110 86 76
110 86 76
110 86 76
110 86 76
110 86 76
110 86 76
110 86 76
110 86 76
110 86 76
110 86 76
110 86 76
110 86 76
114 91 82
118 95 86
118 95 86
118 95 86
118 95 86
118 95 86
118 95 86
118 95 86
116 93 83
110 87 77
109 86 76
110 86 76
110 86 76
110 86 76
110 86 76
110 86 76
110 86 76
110 86 76
110 86 76
110 86 76
110 86 76
112 88 78
114 89 79
111 88 78
111 87 77
111 88 78
111 88 78
111 87 77
111 88 78
111 88 78
111 87 77
111 88 78
111 88 78
111 88 78
111 88 77
115 91 80
152 117 106
233 97 96
232 98 96
233 103 95
252 206 79
252 204 79
248 205 82
183 212 133
183 212 133
180 208 136
130 155 202
130 155 203
129 155 201
143 118 110
113 90 80
111 87 77
111 88 78
111 88 78
111 87 77
117 95 85
181 167 157
228 221 211
231 224 214
231 224 214
232 225 215
220 213 203
162 156 150
89 84 82
46 41 42
36 33 34
40 38 40
49 47 51
55 55 59
58 58 64
37 34 35
34 30 31
34 30 31
33 29 30
34 30 31
41 37 37
76 71 70
143 137 132
209 202 194
232 225 214
231 224 214
230 223 213
231 224 214
199 188 178
127 106 96
111 87 77
111 88 78
111 87 77
111 88 78
111 88 78
111 87 77
111 88 78
111 88 78
111 87 77
111 88 78
111 88 78
111 87 77
111 88 78
111 88 78
111 87 77
111 88 78
111 88 78
111 87 77
111 88 78
111 88 78
111 87 77
111 88 78
111 88 78
111 87 77
111 88 78
111 88 78
111 87 77
111 88 78
111 88 78
111 87 77
111 88 78
111 88 78
113 89 79
115 91 80
113 89 79
113 89 78
113 89 79
113 89 79
113 89 78
113 89 79
113 89 79
113 89 78
113 89 79
113 89 79
113 89 79
114 90 79
150 122 110
169 132 121
231 95 94
231 96 95
234 102 94
253 207 78
253 205 78
249 206 81
182 213 131
182 213 131
179 209 134
128 155 204
127 154 202
128 153 200
162 136 126
147 120 108
113 89 79
113 89 79
112 88 78
127 105 95
210 200 190
231 224 214
231 224 214
231 224 214
225 218 209
142 136 131
55 51 51
33 29 30
52 51 55
73 78 84
86 93 102
91 99 109
92 99 110
91 96 108
90 94 106
43 41 43
37 34 35
36 33 34
36 33 34
35 32 33
35 31 32
34 30 31
32 29 30
44 40 40
115 110 107
212 205 196
232 225 215
231 224 214
231 224 214
223 214 204
145 126 115
112 88 78
113 89 78
113 89 79
113 89 79
113 89 78
113 89 79
113 89 79
113 89 78
113 89 79
113 89 79
113 89 78
113 89 79
113 89 79
113 89 78
113 89 79
113 89 79
113 89 78
113 89 79
113 89 79
113 89 78
113 89 79
113 89 79
113 89 78
113 89 79
113 89 79
113 89 78
113 89 79
113 89 79
113 89 78
113 89 79
113 89 79
115 91 80
117 92 81
114 90 80
114 90 80
114 90 80
114 90 80
114 90 80
114 90 80
114 90 80
114 90 80
114 90 80
114 90 80
114 90 80
135 109 98
163 135 122
168 131 120
198 88 86
153 83 79
132 82 74
135 107 70
135 107 70
134 107 71
117 108 82
117 108 82
116 107 83
104 96 102
109 109 126
118 135 170
161 135 125
163 135 122
132 107 95
114 89 79
141 121 111
222 215 205
230 223 213
230 223 213
232 225 215
169 163 157
57 52 52
32 28 29
57 59 63
90 100 108
96 106 116
94 103 113
93 100 111
92 98 109
90 96 107
90 93 105
89 91 104
45 45 48
39 39 40
39 38 40
39 38 39
38 37 38
38 35 37
37 34 35
36 32 33
35 31 32
34 30 31
41 37 38
138 132 127
227 221 211
231 224 214
230 223 213
230 223 213
163 146 136
114 90 79
114 90 80
114 90 80
114 90 80
114 90 80
114 90 80
114 90 80
114 90 80
114 90 80
114 90 80
114 90 80
114 90 80
114 90 80
114 90 80
114 90 80
114 90 80
114 90 80
114 90 80
114 90 80
114 90 80
114 90 80
114 90 80
114 90 80
114 90 80
114 90 80
114 90 80
114 90 80
114 90 80
114 90 80
114 90 80
117 92 81
118 93 83
116 92 81
116 91 81
116 92 81
116 92 81
116 91 81
116 92 81
116 92 81
116 91 81
116 92 81
116 92 81
115 91 80
155 127 115
158 130 118
118 94 85
95 73 66
93 73 66
94 73 66
94 73 66
94 73 66
94 73 66
94 73 66
94 73 66
94 73 66
94 73 66
94 73 65
94 74 68
120 97 88
160 131 119
152 124 112
143 123 113
224 215 206
231 224 214
231 224 214
222 215 206
117 111 108
35 31 32
34 30 31
35 31 32
57 59 62
95 104 114
94 102 113
93 101 111
92 99 110
91 96 108
90 94 106
89 91 104
88 90 103
48 49 52
42 43 45
42 43 45
42 42 44
41 41 43
40 40 41
39 38 40
38 37 38
37 35 36
35 32 33
35 31 32
33 29 30
84 79 77
207 200 191
231 224 214
231 224 214
229 222 212
167 150 140
115 91 80
116 92 81
116 91 81
116 92 81
116 92 81
116 91 81
116 92 81
116 92 81
116 91 81
116 92 81
116 92 81
116 91 81
116 92 81
116 92 81
116 91 81
116 92 81
116 92 81
116 91 81
116 92 81
116 92 81
116 91 81
116 92 81
116 92 81
116 91 81
116 92 81
116 92 81
116 91 81
116 92 81
116 92 81
118 93 82
120 95 84
118 93 82
118 93 82
118 93 82
118 93 82
118 93 82
118 93 82
118 93 82
118 93 82
118 93 82
118 93 82
120 95 84
160 132 120
111 89 80
91 70 63
91 71 63
91 71 63
91 71 63
91 71 63
91 71 63
91 71 63
91 71 63
91 71 63
91 71 63
91 71 63
91 71 63
91 71 63
91 70 63
114 91 82
169 144 132
223 215 205
231 224 214
230 223 213
217 210 201
82 78 76
33 29 31
34 31 32
36 33 34
37 35 36
40 39 41
85 91 100
94 101 112
93 99 110
92 97 109
91 95 107
89 92 106
88 90 104
88 88 102
50 53 56
45 48 50
45 47 49
44 47 48
44 46 47
43 44 46
42 43 44
41 41 42
40 39 40
38 36 38
36 34 35
35 32 33
34 30 31
56 52 51
192 186 178
231 224 214
231 224 214
230 223 213
156 138 127
117 93 82
118 93 82
118 93 82
118 93 82
118 93 82
118 93 82
118 93 82
118 93 82
118 93 82
118 93 82
118 93 82
118 93 82
118 93 82
118 93 82
118 93 82
118 93 82
118 93 82
118 93 82
118 93 82
118 93 82
118 93 82
118 93 82
118 93 82
118 93 82
118 93 82
118 93 82
118 93 82
118 93 82
120 95 84
95 70 58
93 69 57
93 69 57
93 69 57
93 68 56
93 68 56
93 68 56
93 68 56
93 68 56
93 68 56
93 68 56
97 72 60
121 95 84
87 68 61
88 69 61
87 68 60
87 68 61
86 67 59
88 69 61
87 68 60
88 68 61
86 66 59
87 67 59
87 67 60
86 67 59
86 67 59
87 68 60
88 69 61
99 80 73
213 204 194
230 223 213
231 224 214
215 209 199
64 60 59
42 40 42
85 94 101
53 53 57
38 36 38
40 39 41
41 42 43
59 62 67
93 99 111
92 97 109
91 95 108
90 93 107
89 91 105
88 89 103
87 87 102
53 57 60
48 53 55
47 52 54
47 51 53
46 50 52
46 49 51
44 47 49
43 45 47
42 43 44
40 40 42
39 38 39
37 35 36
35 32 33
34 30 31
42 38 38
189 183 175
231 224 214
230 223 213
227 219 209
124 104 92
92 68 56
93 68 56
93 68 56
93 68 56
93 68 56
93 68 56
93 68 56
93 68 56
93 68 56
93 68 56
93 68 56
93 68 56
93 68 56
93 68 56
93 68 56
93 68 56
93 68 56
93 68 56
93 68 56
93 68 56
93 68 56
93 68 56
93 68 56
93 68 56
93 69 57
93 69 57
93 69 57
95 70 58
109 84 66
107 82 64
107 82 64
115 92 76
149 132 121
150 133 121
150 133 121
150 133 121
150 133 121
150 133 121
150 133 121
152 135 123
96 76 67
85 66 59
85 65 58
145 132 128
110 94 88
180 172 169
83 63 56
144 132 127
103 86 80
177 168 165
167 156 153
140 127 122
188 180 177
183 174 171
126 111 106
85 66 59
181 169 160
231 224 214
231 224 214
220 213 204
78 73 72
42 41 43
87 94 103
94 103 113
89 97 106
48 50 52
42 43 45
44 46 48
47 50 52
84 88 99
91 95 108
91 94 107
90 92 106
89 90 105
88 88 103
87 86 102
55 61 64
51 58 60
51 57 59
50 56 58
49 55 57
48 53 55
47 51 53
46 49 51
45 47 49
43 44 46
41 42 43
40 39 40
38 36 37
36 33 34
34 31 32
50 46 46
197 190 182
231 224 214
231 224 214
211 201 191
149 132 120
150 133 121
150 133 121
150 133 121
150 133 121
150 133 121
150 133 121
150 133 121
150 133 121
150 133 121
150 133 121
150 133 121
150 133 121
150 133 121
150 133 121
150 133 121
150 133 121
150 133 121
150 133 121
150 133 121
150 133 121
150 133 121
150 133 121
150 133 122
124 103 88
107 82 64
107 82 64
108 84 66
153 128 98
150 126 96
150 126 96
170 150 124
246 241 231
247 242 232
247 242 232
247 242 232
247 242 232
247 242 232
247 242 232
238 234 224
83 64 57
82 62 56
81 62 56
160 149 146
115 100 95
206 201 199
136 123 119
159 148 145
126 111 107
173 164 161
79 59 53
80 61 55
141 128 124
117 102 97
80 61 55
130 115 107
230 223 213
230 223 213
231 224 214
105 100 97
37 34 35
85 92 101
93 101 111
93 100 111
93 99 111
83 88 98
47 49 52
46 50 52
48 52 55
63 68 74
92 94 109
89 92 106
80 83 95
70 75 83
64 70 77
62 68 74
55 63 66
54 63 65
54 62 64
53 61 63
52 60 62
51 58 60
50 56 58
49 54 56
47 51 53
46 49 50
44 46 47
42 42 44
40 39 41
38 36 37
36 32 34
34 30 31
66 62 61
219 212 203
231 224 214
231 224 214
238 232 223
247 242 233
247 242 232
247 242 232
247 242 232
247 242 232
247 242 232
247 242 232
247 242 232
247 242 232
247 242 232
247 242 232
247 242 232
247 242 232
247 242 232
247 242 232
247 242 232
247 242 232
247 242 232
247 242 232
247 242 232
247 242 232
247 242 232
247 243 233
191 175 155
150 126 96
150 126 96
153 128 98
152 127 97
148 124 95
148 124 95
163 142 116
218 210 194
219 211 195
219 211 195
219 211 195
219 211 195
219 211 195
219 211 195
206 197 182
77 59 52
79 60 54
78 59 53
158 148 145
113 98 93
153 143 139
182 174 172
171 163 160
95 78 72
132 120 115
187 180 178
90 73 67
140 128 124
117 102 97
83 65 58
217 209 199
231 224 214
231 224 214
153 148 142
35 32 33
77 81 88
91 98 109
92 97 109
92 97 109
91 96 109
92 96 109
77 81 91
49 54 56
50 57 59
52 59 61
69 75 82
57 65 69
53 62 64
52 61 64
51 60 63
51 60 62
51 60 63
51 60 63
52 61 64
54 63 65
54 64 66
54 62 65
53 60 62
51 58 60
50 55 57
48 52 54
46 49 51
44 46 48
42 43 44
40 39 41
38 36 37
35 32 33
33 29 30
103 98 95
233 226 215
230 223 213
231 224 214
221 214 199
219 211 195
219 211 195
219 211 195
219 211 195
219 211 195
219 211 195
219 211 195
219 211 195
219 211 195
219 211 195
219 211 195
219 211 195
219 211 195
219 211 195
219 211 195
219 211 195
219 211 195
219 211 195
219 211 195
219 211 195
219 211 195
219 211 195
178 160 137
148 124 95
148 124 95
152 127 97
152 127 97
149 125 96
148 124 95
162 141 114
214 206 189
214 206 189
215 207 189
215 207 189
214 206 189
215 207 189
215 207 189
212 204 187
81 63 56
76 58 51
75 57 50
158 148 144
112 97 91
154 144 140
102 86 81
220 216 215
102 87 82
100 85 79
165 156 153
104 90 84
139 127 123
114 100 95
147 134 126
232 225 215
231 224 214
216 209 200
46 41 42
43 41 43
85 89 99
90 95 107
90 95 106
91 94 107
90 94 107
90 94 107
91 94 108
69 74 82
53 60 63
54 63 65
53 62 64
50 59 62
50 59 62
49 58 61
45 54 57
43 51 53
42 51 53
45 53 56
48 57 60
50 59 62
50 59 62
52 61 64
54 63 66
53 62 64
52 59 61
50 56 58
48 53 55
46 49 51
44 46 48
42 42 44
39 39 40
37 35 36
35 31 32
33 29 30
178 172 165
231 224 214
230 223 213
226 219 207
215 207 189
214 206 189
215 207 189
215 207 189
214 206 189
215 207 189
215 207 189
214 206 189
215 207 189
215 207 189
214 206 189
215 207 189
215 207 189
214 206 189
215 207 189
215 207 189
214 206 189
215 207 189
215 207 189
214 206 189
215 207 189
215 207 190
176 158 134
149 125 96
149 125 96
152 127 97
152 127 97
149 125 96
148 124 95
162 141 114
214 206 188
214 206 188
215 207 189
215 207 189
214 206 188
215 207 189
215 207 189
217 209 191
114 99 89
72 55 49
72 55 49
102 88 83
86 69 64
101 87 81
71 54 48
112 99 94
90 75 69
141 129 126
118 105 101
72 55 49
95 80 75
94 79 73
212 204 194
231 224 214
232 225 215
118 113 109
34 30 31
35 32 33
42 41 43
73 75 84
89 92 105
89 92 105
89 91 105
90 91 106
90 92 106
69 75 83
54 63 65
50 59 62
50 59 62
43 52 55
25 29 31
14 16 19
12 12 16
13 12 17
13 13 17
12 12 16
13 15 18
21 25 28
39 47 50
50 60 63
50 59 61
54 63 66
54 63 65
52 59 62
50 56 58
48 53 55
46 49 51
43 45 47
41 41 43
39 37 39
36 33 35
35 31 32
73 68 67
226 219 210
230 223 213
230 223 213
217 210 193
214 206 188
215 207 189
215 207 189
214 206 188
215 207 189
215 207 189
214 206 188
215 207 189
215 207 189
214 206 188
215 207 189
215 207 189
214 206 188
215 207 189
215 207 189
214 206 188
215 207 189
215 207 189
214 206 188
215 207 189
215 207 189
176 158 134
149 125 96
149 125 96
152 127 97
152 127 97
148 124 95
148 124 95
161 141 114
214 206 187
214 206 188
214 206 188
214 206 188
214 206 188
214 206 188
214 206 188
214 206 188
184 174 158
74 56 50
70 52 47
70 52 47
70 52 47
70 52 47
70 52 47
70 52 47
70 52 47
70 52 47
70 52 47
70 52 47
69 51 46
126 112 105
232 226 216
230 223 213
206 200 191
42 38 38
35 31 32
37 34 36
39 38 40
41 42 43
58 60 66
84 85 98
88 89 103
88 89 104
68 74 81
53 63 64
49 58 61
48 57 60
23 28 30
10 10 13
18 19 25
26 26 34
30 31 40
32 33 42
32 33 43
30 31 40
26 27 36
20 21 28
12 12 17
17 20 24
44 53 56
49 59 61
53 62 65
54 63 65
52 59 62
50 56 58
48 52 54
46 48 50
43 44 46
40 40 41
38 36 37
36 32 33
32 28 30
166 159 153
231 224 214
231 224 214
224 217 204
214 206 187
214 206 188
214 206 188
214 206 188
214 206 188
214 206 188
214 206 188
214 206 188
214 206 188
214 206 188
214 206 188
214 206 188
214 206 188
214 206 188
214 206 188
214 206 188
214 206 188
214 206 188
214 206 188
214 206 188
215 207 188
176 158 134
148 124 95
148 124 95
152 127 97
152 127 97
149 125 96
148 124 95
162 141 114
214 205 187
214 206 187
215 206 188
215 206 188
214 206 187
215 206 188
215 206 188
215 206 188
215 207 188
154 142 129
69 52 46
66 50 44
66 50 44
66 50 44
66 50 44
66 50 44
66 50 44
66 50 44
66 50 44
66 50 44
65 49 43
187 178 169
231 224 214
232 225 215
131 125 121
33 29 30
35 32 33
38 36 38
41 40 42
43 45 46
45 49 51
52 56 59
75 77 88
73 76 86
54 63 65
49 58 61
45 54 56
15 17 20
16 16 22
27 27 36
34 35 46
40 42 53
44 45 58
46 47 60
46 48 60
44 46 58
40 42 54
34 36 47
27 29 38
18 19 26
11 13 17
38 46 49
49 59 62
53 63 65
54 63 65
52 59 61
49 55 57
47 51 53
44 47 48
42 42 44
39 38 40
37 34 35
34 31 32
81 76 75
231 224 214
231 224 214
229 222 211
215 207 189
215 206 188
215 206 188
214 206 187
215 206 188
215 206 188
214 206 187
215 206 188
215 206 188
214 206 187
215 206 188
215 206 188
214 206 187
215 206 188
215 206 188
214 206 187
215 206 188
215 206 188
214 206 187
215 206 188
215 207 188
176 158 134
149 125 96
149 125 96
152 127 97
152 127 97
148 124 95
148 124 95
161 141 114
214 205 186
214 205 187
214 205 187
214 205 187
214 205 187
214 205 187
214 205 187
214 205 187
214 205 187
215 206 187
173 162 146
85 70 62
60 44 39
61 45 39
62 45 40
61 45 40
61 45 40
61 45 40
61 45 40
62 45 40
77 62 56
222 214 205
230 223 213
227 220 210
63 59 58
34 31 31
37 34 35
39 38 40
42 42 44
44 47 48
47 51 53
50 55 57
52 59 62
55 63 66
50 59 61
47 56 59
14 16 19
17 18 24
30 31 41
39 41 52
47 48 61
52 54 67
55 57 71
57 59 73
57 59 74
55 57 71
51 54 67
46 48 61
39 41 53
30 32 43
19 21 29
10 12 16
41 50 52
50 59 61
54 64 66
53 61 64
51 57 59
48 53 55
45 49 50
43 44 46
40 40 41
38 36 37
35 31 32
39 35 36
200 193 185
230 223 213
230 223 214
219 211 195
214 205 187
214 205 187
214 205 187
214 205 187
214 205 187
214 205 187
214 205 187
214 205 187
214 205 187
214 205 187
214 205 187
214 205 187
214 205 187
214 205 187
214 205 187
214 205 187
214 205 187
214 205 187
214 205 187
215 206 187
176 158 133
148 124 95
148 124 95
152 127 97
152 127 97
149 125 96
148 124 95
162 141 114
214 205 186
214 205 186
215 206 187
215 206 187
214 205 186
215 206 187
215 206 187
215 206 187
214 205 186
215 206 187
215 206 187
216 207 188
189 179 163
164 152 138
157 145 132
157 146 132
157 146 132
157 146 132
157 146 132
157 145 132
180 170 157
231 224 214
230 223 213
190 184 176
36 32 33
35 31 32
38 36 37
40 40 41
43 44 46
46 49 50
48 53 55
51 57 60
54 62 64
52 61 63
50 59 62
19 23 25
15 16 22
29 31 40
40 42 55
49 51 65
56 58 73
62 64 79
66 67 83
67 69 85
67 69 85
65 67 83
61 64 79
55 58 73
48 51 65
39 43 55
29 32 43
18 20 27
11 13 16
48 58 61
51 60 63
55 64 66
52 59 62
50 55 57
47 50 52
44 46 48
41 42 43
39 38 39
36 33 34
33 29 30
143 137 132
231 224 214
231 224 214
224 216 202
214 205 186
215 206 187
214 205 186
215 206 187
215 206 187
214 205 186
215 206 187
215 206 187
214 205 186
215 206 187
215 206 187
214 205 186
215 206 187
215 206 187
214 205 186
215 206 187
215 206 187
214 205 186
215 206 187
215 206 187
176 158 133
149 125 96
149 125 96
152 127 97
152 127 97
149 125 96
148 124 95
162 141 114
214 205 185
214 205 186
215 206 186
215 206 186
214 205 186
215 206 186
215 206 186
215 206 186
214 205 186
215 206 186
214 205 186
215 206 186
215 206 186
215 206 186
215 206 186
215 206 186
215 206 186
215 206 186
215 206 186
215 206 186
224 216 201
231 224 214
231 224 214
143 137 132
33 29 30
35 32 33
39 37 39
41 42 43
44 46 48
46 50 52
49 55 57
52 59 62
54 63 66
50 59 61
38 46 48
10 10 14
25 26 35
37 39 51
48 51 64
57 59 74
64 66 82
71 72 89
75 75 93
77 77 95
77 77 95
74 75 93
70 71 88
63 66 82
55 59 74
46 50 64
36 40 52
25 28 38
12 15 21
26 32 35
50 59 62
54 63 66
53 61 64
50 57 59
48 52 54
45 48 50
43 43 45
40 39 41
37 34 35
34 30 31
88 83 81
234 227 217
231 224 214
228 220 208
214 205 185
215 206 186
214 205 186
215 206 186
215 206 186
214 205 186
215 206 186
215 206 186
214 205 186
215 206 186
215 206 186
214 205 186
215 206 186
215 206 186
214 205 186
215 206 186
215 206 186
214 205 186
215 206 186
215 206 186
176 158 133
149 125 96
149 125 96
152 127 97
152 127 97
148 124 95
148 124 95
161 141 114
214 204 185
214 205 185
214 205 185
214 205 185
214 205 185
214 205 185
214 205 185
214 205 185
214 205 185
214 205 185
214 205 185
214 205 185
214 205 185
214 205 185
214 205 185
214 205 185
214 205 185
214 205 185
214 205 185
214 205 185
226 219 206
230 223 214
234 226 216
98 93 91
34 30 31
36 33 34
39 38 40
42 43 44
45 47 49
47 52 54
50 56 58
53 61 63
53 62 65
49 59 61
17 21 23
18 19 25
31 33 43
43 46 59
54 57 71
63 65 81
71 72 89
78 78 96
83 83 101
86 85 104
86 85 105
83 82 102
78 78 97
70 72 90
62 64 81
52 55 71
41 45 59
30 34 46
18 21 30
10 12 16
47 57 59
52 61 64
54 63 65
52 58 61
48 54 56
46 49 51
43 45 46
40 40 42
37 35 36
35 31 32
49 45 45
232 225 215
230 223 213
230 223 212
215 205 186
214 205 185
214 205 185
214 205 185
214 205 185
214 205 185
214 205 185
214 205 185
214 205 185
214 205 185
214 205 185
214 205 185
214 205 185
214 205 185
214 205 185
214 205 185
214 205 185
214 205 185
214 205 185
215 206 186
176 158 133
148 124 95
148 124 95
152 127 97
152 127 97
149 125 96
148 124 95
162 141 113
214 204 184
214 204 184
215 205 185
215 205 185
214 204 184
215 205 185
215 205 185
215 205 185
214 204 184
215 205 185
214 204 184
215 205 185
215 205 185
214 204 184
215 205 185
215 205 185
214 204 184
215 205 185
215 205 185
214 204 184
229 221 210
231 224 214
235 228 218
64 60 59
35 31 32
37 34 35
40 39 41
43 44 45
45 48 50
48 53 55
51 58 60
54 62 65
51 60 63
45 54 57
8 10 13
22 24 33
35 38 50
47 50 64
58 61 76
68 70 86
77 77 96
85 84 104
92 90 110
96 93 114
96 93 115
92 90 111
86 85 105
77 77 96
67 69 87
57 59 76
44 49 64
33 38 51
21 26 36
8 11 16
36 43 46
50 59 62
56 66 68
54 63 65
52 60 61
50 56 57
47 52 53
44 47 47
40 40 40
36 33 34
33 29 30
217 210 200
231 224 214
231 224 214
216 206 187
215 205 185
214 204 184
215 205 185
215 205 185
214 204 184
215 205 185
215 205 185
214 204 184
215 205 185
215 205 185
214 204 184
215 205 185
215 205 185
214 204 184
215 205 185
215 205 185
214 204 184
215 205 185
215 205 185
176 157 132
149 125 96
149 125 96
152 127 97
152 127 97
149 125 96
148 124 95
162 141 113
214 204 184
214 204 184
215 205 184
215 205 184
214 204 184
215 205 184
215 205 184
215 205 184
214 204 184
215 205 184
214 204 184
215 205 184
215 205 184
214 204 184
215 205 184
215 205 184
214 204 184
215 205 184
215 205 184
215 205 185
230 223 212
231 224 214
231 224 214
47 43 43
35 31 32
37 35 36
40 40 41
43 44 46
46 49 51
48 53 55
51 58 61
55 63 66
50 59 61
37 45 48
9 10 14
24 27 37
37 41 53
49 52 67
60 63 79
71 72 90
81 80 100
91 89 110
99 95 118
105 100 123
105 100 124
100 96 119
92 90 111
81 81 101
71 72 91
59 62 80
46 51 67
35 40 54
24 31 41
15 24 28
31 47 45
58 78 75
64 83 82
63 81 79
61 78 75
59 73 71
57 69 68
55 65 64
53 59 60
49 51 52
30 26 28
198 192 183
231 224 214
231 224 214
218 208 190
215 205 184
214 204 184
215 205 184
215 205 184
214 204 184
215 205 184
215 205 184
214 204 184
215 205 184
215 205 184
214 204 184
215 205 184
215 205 184
214 204 184
215 205 184
215 205 184
214 204 184
215 205 184
215 205 185
176 157 132
149 125 96
149 125 96
152 127 97
152 127 97
148 124 95
148 124 95
161 141 113
214 204 183
214 204 183
214 204 183
214 204 183
214 204 183
214 204 183
214 204 183
214 204 183
214 204 183
214 204 183
214 204 183
214 204 183
214 204 183
214 204 183
214 204 183
214 204 183
214 204 183
214 204 183
214 204 183
215 205 185
230 223 213
230 223 213
225 218 209
39 35 36
35 31 32
37 35 36
40 40 42
43 45 46
46 49 51
48 54 56
52 59 61
55 64 66
49 58 61
31 37 40
10 12 17
25 28 39
38 42 55
49 53 68
61 64 81
72 73 91
83 82 102
94 91 113
104 99 123
113 106 131
114 108 133
107 102 126
96 93 116
84 83 104
72 73 93
60 63 81
50 58 72
43 58 65
34 53 56
24 42 41
30 48 44
61 81 79
65 84 83
65 82 81
63 78 77
61 73 73
59 69 69
57 65 66
55 60 61
51 54 56
30 27 28
186 180 172
230 223 213
231 224 214
219 210 191
214 204 183
214 204 183
214 204 183
214 204 183
214 204 183
214 204 183
214 204 183
214 204 183
214 204 183
214 204 183
214 204 183
214 204 183
214 204 183
214 204 183
214 204 183
214 204 183
214 204 183
214 204 183
215 205 184
176 157 132
148 124 95
148 124 95
152 127 97
152 127 97
149 125 96
148 124 95
162 141 113
214 204 183
214 204 183
214 204 183
214 204 183
214 204 183
214 204 183
214 204 183
214 204 183
214 204 183
214 204 183
214 204 183
214 204 183
214 204 183
214 204 183
214 204 183
214 204 183
214 204 183
214 204 183
214 204 183
215 205 185
230 223 214
231 224 214
224 217 207
37 33 34
35 31 32
37 35 36
40 40 42
43 45 47
46 49 51
49 54 56
52 59 62
55 63 66
49 58 61
29 36 38
10 12 18
24 28 38
36 40 54
47 52 67
59 62 80
70 72 91
82 81 102
94 91 113
105 100 124
116 109 134
119 112 138
108 103 128
96 93 116
84 82 104
74 79 96
66 80 90
56 73 81
45 62 69
35 52 57
25 41 42
30 46 44
62 81 80
67 84 84
66 82 82
64 78 78
62 73 74
60 70 71
58 65 67
57 61 63
53 55 57
30 27 28
184 178 171
231 224 214
231 224 214
219 209 191
214 204 183
214 204 183
214 204 183
214 204 183
214 204 183
214 204 183
214 204 183
214 204 183
214 204 183
214 204 183
214 204 183
214 204 183
214 204 183
214 204 183
214 204 183
214 204 183
214 204 183
214 204 183
215 205 184
176 157 132
149 125 96
149 125 96
152 127 97
152 127 97
149 125 96
148 124 95
162 141 113
213 203 182
213 203 182
214 204 183
214 204 183
213 203 182
214 204 183
214 204 183
214 204 183
213 203 182
214 204 183
213 203 182
214 204 183
214 204 183
213 203 182
214 204 183
214 204 183
213 203 182
214 204 183
214 204 183
213 204 183
230 223 213
231 224 214
227 220 210
41 37 38
35 31 32
37 35 36
40 40 41
43 45 46
46 49 51
48 54 56
52 59 61
55 64 66
50 58 61
32 39 41
8 10 16
21 26 36
33 38 51
44 49 64
56 59 77
67 69 88
78 78 99
89 87 109
99 95 119
107 102 127
109 103 128
102 97 122
92 91 113
84 93 108
75 88 101
65 80 90
54 70 78
45 60 67
35 50 55
25 39 41
34 48 48
64 81 81
68 84 85
67 82 83
66 78 79
64 73 75
61 69 72
60 65 68
58 60 64
54 54 58
30 27 28
188 182 174
231 224 214
231 224 214
216 207 189
214 204 183
213 203 182
214 204 183
214 204 183
213 203 182
214 204 183
214 204 183
213 203 182
214 204 183
214 204 183
213 203 182
214 204 183
214 204 183
213 203 182
214 204 183
214 204 183
213 203 182
214 204 183
214 204 183
175 157 132
149 125 96
149 125 96
152 127 97
152 127 97
148 124 95
148 124 95
162 141 113
213 203 181
213 203 182
213 203 182
213 203 182
213 203 182
213 203 182
213 203 182
213 203 182
213 203 182
213 203 182
213 203 182
213 203 182
213 203 182
213 203 182
213 203 182
213 203 182
213 203 182
213 203 182
213 203 182
211 201 180
228 221 210
230 223 213
233 226 215
49 45 45
35 31 32
37 34 36
40 40 41
43 44 46
46 49 51
48 53 55
51 58 61
55 63 66
50 59 62
39 47 50
6 8 12
18 23 32
29 34 47
40 45 60
51 54 72
62 63 82
72 72 93
81 80 102
89 87 110
95 91 115
95 91 116
93 95 115
89 99 114
80 92 105
71 83 96
62 75 86
52 65 75
43 56 64
34 47 52
25 36 39
41 56 57
64 81 82
69 85 87
68 81 84
66 77 80
64 73 76
63 69 73
61 65 69
59 60 65
53 53 57
31 27 28
202 195 187
230 223 213
231 224 214
211 202 183
213 203 182
213 203 182
213 203 182
213 203 182
213 203 182
213 203 182
213 203 182
213 203 182
213 203 182
213 203 182
213 203 182
213 203 182
213 203 182
213 203 182
213 203 182
213 203 182
213 203 182
213 203 182
214 204 182
175 157 132
148 124 95
148 124 95
152 127 97
152 127 97
149 125 96
148 124 95
162 141 113
213 203 181
213 203 181
214 204 182
214 204 182
213 203 181
214 204 182
214 204 182
214 204 182
213 203 181
214 204 182
213 203 181
214 204 182
214 204 182
213 203 181
214 204 182
214 204 182
213 203 181
214 204 182
214 204 182
210 200 178
221 214 203
231 224 214
235 228 218
72 67 67
35 31 32
37 34 35
40 39 41
42 44 45
45 48 50
48 53 55
51 57 60
54 62 65
51 61 63
47 56 59
8 10 13
14 17 26
25 29 40
35 39 53
45 48 65
54 56 74
63 64 83
71 70 92
77 76 97
81 79 101
85 90 108
85 95 110
80 91 105
72 84 97
65 77 89
56 69 80
48 60 70
40 52 60
32 43 49
23 33 36
55 70 71
66 81 83
71 84 88
69 81 84
67 77 80
65 72 77
63 69 73
61 64 70
60 60 66
52 50 54
35 31 32
221 214 205
231 224 214
230 223 213
205 196 176
214 204 182
213 203 181
214 204 182
214 204 182
213 203 181
214 204 182
214 204 182
213 203 181
214 204 182
214 204 182
213 203 181
214 204 182
214 204 182
213 203 181
214 204 182
214 204 182
213 203 181
214 204 182
214 204 182
175 157 132
149 125 96
149 125 96
152 127 97
152 127 97
149 125 96
148 124 95
162 141 113
213 203 180
213 203 181
214 203 181
214 203 181
213 203 181
214 203 181
214 203 181
214 203 181
213 203 181
214 203 181
213 203 181
214 203 181
214 203 181
213 203 181
214 203 181
214 203 181
213 203 181
214 203 181
214 203 181
211 201 178
211 204 191
231 224 214
233 226 216
108 103 100
34 30 31
36 33 34
39 38 40
42 43 44
45 47 49
47 52 54
50 56 58
53 61 63
53 63 65
50 59 62
20 25 27
10 12 18
19 22 32
29 31 45
38 41 55
46 48 65
53 55 73
60 61 80
65 65 86
72 80 96
76 87 101
74 85 99
70 81 94
64 76 88
58 69 81
51 62 73
43 54 64
36 46 54
29 38 44
29 39 41
65 80 82
69 82 86
71 83 87
69 80 84
68 76 80
66 71 77
64 68 73
62 64 70
61 60 67
48 44 48
56 52 52
234 226 216
231 224 214
225 218 208
201 191 170
214 203 181
213 203 181
214 203 181
214 203 181
213 203 181
214 203 181
214 203 181
213 203 181
214 203 181
214 203 181
213 203 181
214 203 181
214 203 181
213 203 181
214 203 181
214 203 181
213 203 181
214 203 181
214 204 182
175 157 132
149 125 96
149 125 96
152 127 97
152 127 97
148 124 95
148 124 95
162 140 112
213 202 180
213 202 180
213 202 180
213 202 180
213 202 180
213 202 180
213 202 180
213 202 180
213 202 180
213 202 180
213 202 180
213 202 180
213 202 180
213 202 180
213 202 180
213 202 180
213 202 180
213 202 180
213 202 180
213 202 180
198 190 177
231 224 214
230 223 213
154 148 142
33 29 30
35 32 33
38 37 38
41 41 43
44 46 47
46 50 52
49 55 57
52 59 62
54 64 66
50 59 62
43 52 54
5 6 9
13 15 23
21 24 35
30 32 45
37 39 54
43 45 62
49 50 68
58 67 80
64 77 88
65 77 89
63 75 87
60 71 84
56 67 79
50 61 72
45 55 65
38 48 56
32 41 48
25 33 37
49 62 65
67 81 85
72 84 89
72 82 87
70 79 84
68 74 80
67 71 77
65 66 74
63 63 70
62 59 67
41 37 40
100 95 92
233 226 216
231 224 214
214 206 195
203 192 171
213 202 180
213 202 180
213 202 180
213 202 180
213 202 180
213 202 180
213 202 180
213 202 180
213 202 180
213 202 180
213 202 180
213 202 180
213 202 180
213 202 180
213 202 180
213 202 180
213 202 180
213 202 180
214 203 181
175 157 131
148 124 95
148 124 95
152 127 97
152 127 97
149 125 96
148 124 95
162 140 113
213 202 179
213 202 179
214 203 180
214 203 180
213 202 179
214 203 180
214 203 180
214 203 180
213 202 179
214 203 180
213 202 179
214 203 180
214 203 180
213 202 179
214 203 180
214 203 180
213 202 179
214 203 180
214 203 180
215 204 180
187 179 162
230 223 213
230 223 213
203 196 188
40 36 36
35 31 32
38 35 37
40 40 41
43 44 46
45 48 50
48 53 55
51 57 60
53 62 64
53 63 65
50 59 62
26 32 34
6 7 12
14 15 24
21 22 34
27 29 42
33 34 48
43 50 62
51 64 74
53 66 76
54 66 77
53 64 75
51 62 73
47 58 68
43 54 63
38 48 56
33 41 48
28 35 40
34 43 47
69 82 86
71 82 88
74 84 90
72 81 86
70 77 83
69 73 80
67 69 76
65 65 73
64 61 70
60 56 64
35 31 33
159 154 147
231 224 214
231 224 214
196 188 175
209 199 176
214 203 180
213 202 179
214 203 180
214 203 180
213 202 179
214 203 180
214 203 180
213 202 179
214 203 180
214 203 180
213 202 179
214 203 180
214 203 180
213 202 179
214 203 180
214 203 180
213 202 179
214 203 180
214 203 180
175 157 131
149 125 96
149 125 96
152 127 97
152 127 97
149 125 96
148 124 95
162 140 113
213 202 179
213 202 179
214 203 180
214 203 180
213 202 179
214 203 180
214 203 180
214 203 180
213 202 179
214 203 180
213 202 179
214 203 180
214 203 180
213 202 179
214 203 180
214 203 180
213 202 179
214 203 180
214 203 180
214 203 180
181 172 153
224 217 207
230 223 213
230 223 214
76 71 70
34 30 31
36 34 35
39 38 40
42 42 44
44 47 48
47 51 53
50 55 57
52 59 61
54 63 66
51 60 63
49 59 61
17 22 24
7 7 12
13 13 22
19 19 29
26 31 40
39 53 58
42 55 62
44 57 65
45 56 65
44 55 64
42 53 62
40 50 58
37 46 53
33 41 47
28 35 41
31 39 43
64 76 81
69 81 86
74 85 91
73 83 89
72 79 86
70 75 82
69 71 79
67 67 76
66 64 73
64 60 70
53 47 54
45 41 41
211 204 195
231 224 214
230 223 213
181 172 157
214 203 180
214 203 180
213 202 179
214 203 180
214 203 180
213 202 179
214 203 180
214 203 180
213 202 179
214 203 180
214 203 180
213 202 179
214 203 180
214 203 180
213 202 179
214 203 180
214 203 180
213 202 179
214 203 180
214 203 180
175 157 131
149 125 96
149 125 96
152 127 97
152 127 97
148 124 95
148 124 95
162 140 113
213 202 178
213 202 179
213 202 179
213 202 179
213 202 179
213 202 179
213 202 179
213 202 179
213 202 179
213 202 179
213 202 179
213 202 179
213 202 179
213 202 179
213 202 179
213 202 179
213 202 179
213 202 179
213 202 179
214 202 179
187 177 157
207 199 186
231 224 214
231 224 214
151 145 140
32 28 29
35 32 33
38 36 38
40 40 42
43 45 46
45 49 51
48 53 55
51 57 59
53 61 63
55 64 67
50 59 61
48 58 61
20 24 27
5 5 9
11 13 18
25 38 40
31 44 48
33 46 50
35 47 53
36 47 53
36 46 53
35 44 51
33 42 48
31 38 44
27 33 38
33 40 45
64 76 81
69 81 87
75 85 91
75 84 90
73 80 87
72 77 85
70 73 82
69 70 78
67 65 75
66 62 73
65 59 70
40 35 39
98 93 90
232 225 215
230 223 213
222 214 203
176 166 148
215 204 180
213 202 179
213 202 179
213 202 179
213 202 179
213 202 179
213 202 179
213 202 179
213 202 179
213 202 179
213 202 179
213 202 179
213 202 179
213 202 179
213 202 179
213 202 179
213 202 179
213 202 179
213 202 179
214 203 179
175 157 131
148 124 95
148 124 95
152 127 97
152 127 97
149 125 96
148 124 95
162 140 113
213 201 178
213 201 178
214 202 178
214 202 178
213 201 178
214 202 178
214 202 178
214 202 178
213 201 178
214 202 178
213 201 178
214 202 178
214 202 178
213 201 178
214 202 178
214 202 178
213 201 178
214 202 178
214 202 178
213 201 178
200 189 167
179 170 156
231 224 214
231 224 214
219 212 203
56 52 51
35 31 32
36 34 35
39 38 39
41 42 44
44 46 48
47 50 52
49 54 56
51 57 60
53 61 64
55 64 66
51 60 62
50 60 63
33 40 42
18 26 26
20 32 31
24 35 36
26 37 39
28 38 41
29 38 42
29 37 42
28 36 40
26 33 38
29 35 39
47 56 60
70 81 87
70 81 87
75 85 92
75 84 91
74 81 88
73 78 86
72 74 83
70 71 80
69 67 77
67 63 75
66 60 72
57 50 59
35 31 32
189 183 175
231 224 214
231 224 214
197 188 175
187 176 156
214 202 178
214 202 178
213 201 178
214 202 178
214 202 178
213 201 178
214 202 178
214 202 178
213 201 178
214 202 178
214 202 178
213 201 178
214 202 178
214 202 178
213 201 178
214 202 178
214 202 178
213 201 178
214 202 178
214 202 179
175 156 130
149 125 96
149 125 96
152 127 97
152 127 97
149 125 96
148 124 95
162 140 112
213 201 177
213 201 177
214 202 178
214 202 178
213 201 177
214 202 178
214 202 178
214 202 178
213 201 177
214 202 178
213 201 177
214 202 178
214 202 178
213 201 177
214 202 178
214 202 178
213 201 177
214 202 178
214 202 178
213 201 177
211 199 175
168 158 141
217 209 198
231 224 214
232 225 215
144 139 133
33 29 30
35 32 33
37 36 37
40 39 41
42 43 45
45 47 49
47 51 53
49 54 56
51 58 60
53 61 63
55 64 66
52 61 64
52 62 65
61 78 78
50 66 65
35 48 48
28 39 40
26 36 37
27 36 38
30 38 41
36 45 49
51 61 66
65 77 82
70 81 87
72 82 88
76 85 92
76 84 91
74 81 89
73 78 86
72 75 84
71 72 82
70 68 79
69 64 76
67 61 74
65 57 70
41 35 39
95 90 87
230 223 213
230 223 213
228 220 210
171 161 145
201 190 167
214 202 178
214 202 178
213 201 177
214 202 178
214 202 178
213 201 177
214 202 178
214 202 178
213 201 177
214 202 178
214 202 178
213 201 177
214 202 178
214 202 178
213 201 177
214 202 178
214 202 178
213 201 177
214 202 178
214 202 178
175 156 130
149 125 96
149 125 96
152 127 97
152 127 97
148 124 95
148 124 95
162 140 112
213 201 177
213 201 177
213 201 177
213 201 177
213 201 177
213 201 177
213 201 177
213 201 177
213 201 177
213 201 177
213 201 177
213 201 177
213 201 177
213 201 177
213 201 177
213 201 177
213 201 177
213 201 177
213 201 177
213 201 177
214 202 178
179 169 149
184 175 161
231 225 215
230 223 213
228 221 211
62 57 57
34 30 31
36 33 34
38 37 38
41 41 42
43 44 46
45 48 50
47 51 53
49 54 56
51 58 60
53 60 62
54 63 65
63 76 77
66 82 83
64 80 82
66 81 83
66 81 84
65 79 83
66 80 83
68 80 85
69 81 87
69 81 87
72 82 89
75 85 92
76 85 92
76 83 91
75 81 89
74 78 87
73 75 85
72 72 83
71 69 80
70 65 78
68 62 75
67 59 73
52 45 53
36 32 33
202 196 188
231 224 214
231 224 214
203 195 182
169 158 140
212 200 176
213 201 177
213 201 177
213 201 177
213 201 177
213 201 177
213 201 177
213 201 177
213 201 177
213 201 177
213 201 177
213 201 177
213 201 177
213 201 177
213 201 177
213 201 177
213 201 177
213 201 177
213 201 177
213 201 177
214 202 178
175 156 130
148 124 95
148 124 95
152 127 97
152 127 97
149 125 96
148 124 95
162 140 112
213 201 176
213 201 176
214 202 177
214 202 177
213 201 176
214 202 177
214 202 177
214 202 177
213 201 176
214 202 177
213 201 176
214 202 177
214 202 177
213 201 176
214 202 177
214 202 177
213 201 176
214 202 177
214 202 177
213 201 176
214 202 177
201 189 166
161 151 133
216 208 197
231 224 214
230 223 213
187 181 173
40 36 37
35 31 32
36 34 35
39 38 39
41 41 42
43 44 46
45 48 49
47 51 53
49 54 56
50 56 59
53 60 62
67 82 82
69 83 85
71 84 87
71 84 88
70 83 87
71 83 87
72 82 88
72 84 89
74 85 91
76 86 92
76 85 92
76 83 91
75 82 90
75 80 88
74 77 87
73 74 85
72 72 83
71 69 81
71 66 79
69 63 77
68 60 74
60 51 63
35 31 32
142 136 131
232 225 215
231 224 214
228 220 210
167 157 140
187 176 155
214 202 177
214 202 177
214 202 177
213 201 176
214 202 177
214 202 177
213 201 176
214 202 177
214 202 177
213 201 176
214 202 177
214 202 177
213 201 176
214 202 177
214 202 177
213 201 176
214 202 177
214 202 177
213 201 176
214 202 177
214 202 177
175 156 129
149 125 96
149 125 96
152 127 97
152 127 97
149 125 96
148 124 95
162 140 112
212 200 176
213 201 176
213 201 176
213 201 176
213 201 176
213 201 176
213 201 176
213 201 176
213 201 176
213 201 176
213 201 176
213 201 176
213 201 176
213 201 176
213 201 176
213 201 176
213 201 176
213 201 176
213 201 176
213 201 176
213 201 176
212 200 175
172 161 142
176 167 151
228 221 211
230 223 213
232 225 215
140 134 129
34 30 31
35 31 32
37 34 35
39 38 39
41 41 42
43 44 45
45 47 49
46 50 52
48 52 54
56 64 65
67 78 80
68 80 83
69 81 85
71 82 86
72 83 88
73 83 88
74 84 90
74 84 90
75 83 90
75 82 89
74 81 89
74 80 88
74 77 87
74 76 86
73 74 84
72 71 83
72 68 81
71 65 79
70 63 77
69 60 75
64 54 68
37 32 35
95 90 87
227 221 211
231 224 214
231 224 214
192 182 168
164 153 136
206 195 171
213 201 176
213 201 176
213 201 176
213 201 176
213 201 176
213 201 176
213 201 176
213 201 176
213 201 176
213 201 176
213 201 176
213 201 176
213 201 176
213 201 176
213 201 176
213 201 176
213 201 176
213 201 176
213 201 176
213 201 176
213 201 177
175 156 129
149 125 96
149 125 96
152 127 97
152 127 97
148 124 95
148 124 95
162 140 112
212 200 175
212 200 175
212 200 175
212 200 175
212 200 175
212 200 175
212 200 175
212 200 175
212 200 175
212 200 175
212 200 175
212 200 175
212 200 175
212 200 175
212 200 175
212 200 175
212 200 175
212 200 175
212 200 175
212 200 175
212 200 175
213 201 176
196 184 161
161 150 132
196 187 173
231 224 214
230 223 213
228 221 212
111 106 102
33 29 30
35 31 32
37 34 35
39 37 39
40 40 42
42 43 44
44 46 48
45 48 50
59 67 69
65 74 77
67 76 80
68 77 81
70 78 83
71 79 84
71 79 85
72 79 86
73 79 87
73 78 87
73 78 86
73 76 86
73 75 85
73 73 84
73 72 83
72 70 82
71 67 80
71 65 79
70 63 77
70 60 75
65 55 69
39 34 38
71 66 65
217 210 201
230 223 213
231 224 214
212 204 192
163 152 134
182 171 150
213 201 176
212 200 175
212 200 175
212 200 175
212 200 175
212 200 175
212 200 175
212 200 175
212 200 175
212 200 175
212 200 175
212 200 175
212 200 175
212 200 175
212 200 175
212 200 175
212 200 175
212 200 175
212 200 175
212 200 175
212 200 175
213 201 176
175 156 129
148 124 95
148 124 95
152 127 97
152 127 97
149 125 96
148 124 95
162 140 112
212 200 175
212 200 175
213 201 175
213 201 175
212 200 175
213 201 175
213 201 175
213 201 175
212 200 175
213 201 175
212 200 175
213 201 175
213 201 175
212 200 175
213 201 175
213 201 175
212 200 175
213 201 175
213 201 175
212 200 175
213 201 175
213 201 175
213 201 175
173 162 142
163 152 134
209 201 189
231 224 214
231 224 214
231 224 214
106 101 99
34 30 31
35 31 32
36 33 35
38 36 38
40 39 40
41 42 43
44 46 48
61 67 71
64 70 74
65 71 76
67 73 78
68 74 79
70 74 81
70 75 82
71 75 83
72 75 83
72 74 84
72 73 83
72 73 83
72 71 83
72 70 82
72 68 81
71 66 80
71 64 78
70 62 76
70 59 75
63 52 66
38 33 35
68 63 62
217 210 201
231 224 214
230 223 213
222 215 203
169 158 140
164 153 135
209 197 172
213 201 175
212 200 175
213 201 175
213 201 175
212 200 175
213 201 175
213 201 175
212 200 175
213 201 175
213 201 175
212 200 175
213 201 175
213 201 175
212 200 175
213 201 175
213 201 175
212 200 175
213 201 175
213 201 175
212 200 175
213 201 175
213 201 175
175 156 129
149 125 96
149 125 96
152 127 97
152 127 97
149 125 96
148 124 95
162 140 112
212 200 174
212 200 174
213 201 175
213 201 175
212 200 174
213 201 175
213 201 175
213 201 175
212 200 174
213 201 175
212 200 174
213 201 175
213 201 175
212 200 174
213 201 175
213 201 175
212 200 174
213 201 175
213 201 175
212 200 174
213 201 175
213 201 175
213 201 174
202 190 166
164 153 134
166 155 137
219 211 199
231 224 214
231 224 214
227 220 210
124 118 114
36 32 33
35 31 32
36 33 34
37 35 36
39 38 39
45 46 48
61 65 69
63 66 71
64 68 73
66 69 75
67 70 77
68 71 78
69 71 79
70 71 80
70 71 80
71 70 81
71 69 81
71 68 80
71 67 80
71 65 79
71 64 78
70 62 77
70 60 76
69 58 74
56 47 58
35 31 33
88 83 81
215 208 199
231 224 214
231 224 214
227 220 209
175 165 147
162 151 132
190 179 156
213 201 175
213 201 175
212 200 174
213 201 175
213 201 175
212 200 174
213 201 175
213 201 175
212 200 174
213 201 175
213 201 175
212 200 174
213 201 175
213 201 175
212 200 174
213 201 175
213 201 175
212 200 174
213 201 175
213 201 175
212 200 174
213 201 175
213 201 175
175 156 129
149 125 96
149 125 96
152 127 97
152 127 97
149 125 96
148 124 95
162 140 112
212 200 174
212 200 174
213 200 174
213 200 174
212 200 174
213 200 174
213 200 174
213 200 174
212 200 174
213 200 174
212 200 174
213 200 174
213 200 174
212 200 174
213 200 174
213 200 174
212 200 174
213 200 174
213 200 174
212 200 174
213 200 174
213 200 174
212 200 174
213 200 174
187 175 153
162 151 132
169 159 140
219 212 200
231 224 214
230 223 213
231 224 214
163 157 151
42 38 39
34 30 31
35 31 32
36 33 34
47 46 49
60 62 67
62 63 69
63 64 71
64 65 72
66 66 74
67 66 75
68 66 76
68 66 77
69 66 77
70 66 78
70 65 78
70 64 78
70 63 77
70 62 77
70 61 76
70 59 76
64 53 68
45 38 44
33 29 30
127 122 118
225 218 208
231 224 214
231 224 214
227 220 209
178 169 151
162 151 132
175 164 143
212 199 173
213 200 174
213 200 174
212 200 174
213 200 174
213 200 174
212 200 174
213 200 174
213 200 174
212 200 174
213 200 174
213 200 174
212 200 174
213 200 174
213 200 174
212 200 174
213 200 174
213 200 174
212 200 174
213 200 174
213 200 174
212 200 174
213 200 174
213 201 175
175 156 129
149 125 96
149 125 96
152 127 97
152 127 97
148 124 95
148 124 95
162 140 112
212 199 173
212 199 173
212 199 173
212 199 173
212 199 173
212 199 173
212 199 173
212 199 173
212 199 173
212 199 173
212 199 173
212 199 173
212 199 173
212 199 173
212 199 173
212 199 173
212 199 173
212 199 173
212 199 173
212 199 173
212 199 173
212 199 173
212 199 173
212 199 173
212 199 173
177 166 144
162 151 131
168 157 137
214 206 194
231 224 214
230 223 213
231 224 214
212 205 196
102 96 94
36 32 33
34 30 31
45 43 46
58 57 62
60 59 66
62 60 68
63 61 69
64 61 71
65 62 72
66 62 73
67 62 74
68 62 74
68 62 75
69 61 75
69 60 75
69 59 75
69 58 73
61 51 64
47 39 46
33 29 30
76 71 70
187 181 174
233 226 216
230 223 213
231 224 214
224 216 205
176 166 148
162 151 131
168 157 136
208 195 169
212 199 173
212 199 173
212 199 173
212 199 173
212 199 173
212 199 173
212 199 173
212 199 173
212 199 173
212 199 173
212 199 173
212 199 173
212 199 173
212 199 173
212 199 173
212 199 173
212 199 173
212 199 173
212 199 173
212 199 173
212 199 173
212 199 173
212 199 173
213 200 174
175 155 128
148 124 95
148 124 95
152 127 97
152 127 97
149 125 96
148 124 95
162 140 111
212 199 172
212 199 173
213 200 173
213 200 173
212 199 173
213 200 173
213 200 173
213 200 173
212 199 173
213 200 173
212 199 173
213 200 173
213 200 173
212 199 173
213 200 173
213 200 173
212 199 173
213 200 173
213 200 173
212 199 173
213 200 173
213 200 173
212 199 173
213 200 173
213 200 173
210 197 170
171 160 138
162 151 131
165 154 134
205 196 182
230 223 213
231 224 214
231 224 214
230 223 213
189 183 175
92 88 85
41 37 38
36 32 33
44 40 44
52 48 54
58 53 61
62 56 66
64 58 68
65 58 70
66 58 71
66 58 71
66 57 70
64 54 67
59 50 61
50 43 50
39 34 37
37 33 34
73 68 67
166 160 153
226 219 209
231 224 214
231 224 214
231 224 214
216 208 196
171 160 140
162 151 131
165 154 133
203 190 165
213 200 173
212 199 173
213 200 173
213 200 173
212 199 173
213 200 173
213 200 173
212 199 173
213 200 173
213 200 173
212 199 173
213 200 173
213 200 173
212 199 173
213 200 173
213 200 173
212 199 173
213 200 173
213 200 173
212 199 173
213 200 173
213 200 173
212 199 173
213 200 173
213 200 173
175 155 128
149 125 96
149 125 96
152 127 97
152 127 97
149 125 96
148 124 95
162 140 111
212 199 172
212 199 172
213 200 173
213 200 173
212 199 172
213 200 173
213 200 173
213 200 173
212 199 172
213 200 173
212 199 172
213 200 173
213 200 173
212 199 172
213 200 173
213 200 173
212 199 172
213 200 173
213 200 173
212 199 172
213 200 173
213 200 173
212 199 172
213 200 173
213 200 173
212 199 172
207 194 168
170 159 137
162 151 130
163 152 130
186 177 160
226 218 208
231 224 214
231 224 214
231 224 214
232 225 215
202 196 187
141 135 130
75 71 69
38 34 35
30 26 28
34 30 32
38 34 36
40 35 38
40 35 38
39 34 38
36 31 34
31 27 28
34 30 31
62 58 57
125 119 115
188 182 174
229 222 212
231 224 214
231 224 214
230 223 213
230 223 213
197 189 173
164 154 133
163 152 131
165 154 132
200 187 162
213 200 173
213 200 173
212 199 172
213 200 173
213 200 173
212 199 172
213 200 173
213 200 173
212 199 172
213 200 173
213 200 173
212 199 172
213 200 173
213 200 173
212 199 172
213 200 173
213 200 173
212 199 172
213 200 173
213 200 173
212 199 172
213 200 173
213 200 173
212 199 172
213 200 173
213 200 173
175 155 128
149 125 96
149 125 96
152 127 97
152 127 97
148 124 95
148 124 95
162 140 111
212 199 171
212 199 172
212 199 172
212 199 172
212 199 172
212 199 172
212 199 172
212 199 172
212 199 172
212 199 172
212 199 172
212 199 172
212 199 172
212 199 172
212 199 172
212 199 172
212 199 172
212 199 172
212 199 172
212 199 172
212 199 172
212 199 172
212 199 172
212 199 172
212 199 172
212 199 172
212 199 172
208 195 168
174 162 140
162 151 130
162 151 130
166 155 135
202 193 179
227 220 210
231 224 214
230 223 213
230 223 213
231 224 214
234 227 217
224 217 207
194 188 180
162 156 150
140 135 130
129 124 119
127 122 117
137 132 127
156 150 144
186 180 172
217 210 201
234 227 217
232 225 215
230 223 213
230 223 213
231 224 214
230 223 213
210 202 189
172 161 142
162 151 130
162 151 130
167 156 134
202 189 163
213 199 172
212 199 172
212 199 172
212 199 172
212 199 172
212 199 172
212 199 172
212 199 172
212 199 172
212 199 172
212 199 172
212 199 172
212 199 172
212 199 172
212 199 172
212 199 172
212 199 172
212 199 172
212 199 172
212 199 172
212 199 172
212 199 172
212 199 172
212 199 172
212 199 172
212 199 172
213 200 172
175 155 128
148 124 95
148 124 95
152 127 97
152 127 97
149 125 96
148 124 95
162 140 111
212 198 171
212 198 171
213 199 171
213 199 171
212 198 171
213 199 171
213 199 171
213 199 171
212 198 171
213 199 171
212 198 171
213 199 171
213 199 171
212 198 171
213 199 171
213 199 171
212 198 171
213 199 171
213 199 171
212 198 171
213 199 171
213 199 171
212 198 171
213 199 171
213 199 171
212 198 171
213 199 171
213 199 171
211 197 170
181 168 145
163 151 131
163 151 130
162 150 130
171 160 141
200 190 176
224 217 206
231 224 214
231 224 214
230 223 213
231 224 214
231 224 214
231 224 214
232 225 215
232 225 215
232 225 215
232 225 215
231 224 214
231 224 214
231 224 214
231 224 214
231 224 214
231 224 214
227 220 209
207 198 185
177 166 148
163 151 131
162 150 130
162 150 130
173 160 139
206 193 166
213 199 172
212 198 171
213 199 171
213 199 171
212 198 171
213 199 171
213 199 171
212 198 171
213 199 171
213 199 171
212 198 171
213 199 171
213 199 171
212 198 171
213 199 171
213 199 171
212 198 171
213 199 171
213 199 171
212 198 171
213 199 171
213 199 171
212 198 171
213 199 171
213 199 171
212 198 171
213 199 171
213 199 172
175 155 127
149 125 96
149 125 96
152 127 97
152 127 97
149 125 96
148 124 95
162 140 111
212 198 170
212 198 170
213 199 171
213 199 171
212 198 170
213 199 171
213 199 171
213 199 171
212 198 170
213 199 171
212 198 170
213 199 171
213 199 171
212 198 170
213 199 171
213 199 171
212 198 170
213 199 171
213 199 171
212 198 170
213 199 171
213 199 171
212 198 170
213 199 171
213 199 171
212 198 170
213 199 171
213 199 171
213 199 171
212 198 171
194 181 155
166 154 132
162 150 129
163 151 130
162 150 129
166 154 134
184 173 156
205 196 182
223 216 205
231 224 214
232 225 215
231 224 214
231 224 214
231 224 214
230 223 213
231 224 214
231 224 214
232 225 215
232 225 215
226 219 209
210 202 189
189 179 162
170 158 138
162 150 129
162 150 130
162 150 129
163 151 130
186 173 149
211 197 169
213 199 171
213 199 171
212 198 170
213 199 171
213 199 171
212 198 170
213 199 171
213 199 171
212 198 170
213 199 171
213 199 171
212 198 170
213 199 171
213 199 171
212 198 170
213 199 171
213 199 171
212 198 170
213 199 171
213 199 171
212 198 170
213 199 171
213 199 171
212 198 170
213 199 171
213 199 171
212 198 170
213 199 171
213 199 171
175 155 127
149 125 96
149 125 96
152 127 97
152 127 97
148 124 95
148 124 95
162 140 111
212 198 170
212 198 170
212 198 170
212 198 170
212 198 170
212 198 170
212 198 170
212 198 170
212 198 170
212 198 170
212 198 170
212 198 170
212 198 170
212 198 170
212 198 170
212 198 170
212 198 170
212 198 170
212 198 170
212 198 170
212 198 170
212 198 170
212 198 170
212 198 170
212 198 170
212 198 170
212 198 170
212 198 170
212 198 170
212 198 170
213 199 171
209 196 168
183 170 146
164 152 131
162 150 129
162 150 129
162 150 129
162 150 129
161 149 128
168 157 137
179 169 150
189 179 162
196 186 171
199 190 175
200 191 176
197 187 172
191 181 165
182 171 153
171 160 140
163 151 130
161 149 128
162 150 129
162 150 129
162 150 129
163 151 130
176 163 141
204 191 164
213 199 171
212 198 170
212 198 170
212 198 170
212 198 170
212 198 170
212 198 170
212 198 170
212 198 170
212 198 170
212 198 170
212 198 170
212 198 170
212 198 170
212 198 170
212 198 170
212 198 170
212 198 170
212 198 170
212 198 170
212 198 170
212 198 170
212 198 170
212 198 170
212 198 170
212 198 170
212 198 170
212 198 170
212 198 170
212 198 170
213 199 171
175 155 127
148 124 95
148 124 95
152 127 97
152 127 97
149 125 96
148 124 95
162 140 111
212 198 169
212 198 170
212 198 170
212 198 170
212 198 170
212 198 170
212 198 170
212 198 170
212 198 170
212 198 170
212 198 170
212 198 170
212 198 170
212 198 170
212 198 170
212 198 170
212 198 170
212 198 170
212 198 170
212 198 170
212 198 170
212 198 170
212 198 170
212 198 170
212 198 170
212 198 170
212 198 170
212 198 170
212 198 170
212 198 170
212 198 170
212 198 170
213 198 170
205 191 164
184 171 147
166 154 132
162 150 129
162 150 129
162 150 129
162 150 129
162 150 129
162 150 128
162 150 128
162 150 128
162 150 128
162 150 128
162 150 128
162 150 128
162 150 129
162 150 129
162 150 129
162 150 128
164 152 130
178 166 142
201 187 160
212 198 169
212 198 170
212 198 170
212 198 170
212 198 170
212 198 170
212 198 170
212 198 170
212 198 170
212 198 170
212 198 170
212 198 170
212 198 170
212 198 170
212 198 170
212 198 170
212 198 170
212 198 170
212 198 170
212 198 170
212 198 170
212 198 170
212 198 170
212 198 170
212 198 170
212 198 170
212 198 170
212 198 170
212 198 170
212 198 170
212 198 170
212 198 170
213 199 170
175 155 127
149 125 96
149 125 96
152 127 97
152 127 97
149 125 96
148 124 95
161 139 110
211 197 169
211 197 169
212 198 170
212 198 170
211 197 169
212 198 170
212 198 170
212 198 170
211 197 169
212 198 170
211 197 169
212 198 170
212 198 170
211 197 169
212 198 170
212 198 170
211 197 169
212 198 170
212 198 170
211 197 169
212 198 170
212 198 170
211 197 169
212 198 170
212 198 170
211 197 169
212 198 170
212 198 170
212 198 170
211 197 169
212 198 170
212 198 170
211 197 169
212 198 170
212 198 170
208 194 167
195 182 156
179 167 143
166 154 132
161 149 128
160 148 128
161 149 128
161 149 128
162 150 129
161 149 128
161 149 129
161 149 128
161 149 128
161 149 128
164 152 130
175 163 140
191 178 153
206 192 165
212 198 170
212 198 170
211 197 169
212 198 170
212 198 170
211 197 169
212 198 170
212 198 170
211 197 169
212 198 170
212 198 170
211 197 169
212 198 170
212 198 170
211 197 169
212 198 170
212 198 170
211 197 169
212 198 170
212 198 170
211 197 169
212 198 170
212 198 170
211 197 169
212 198 170
212 198 170
211 197 169
212 198 170
212 198 170
211 197 169
212 198 170
212 198 170
211 197 169
212 198 170
212 198 170
175 155 127
149 125 96
149 125 96
152 127 97
152 127 97
148 124 95
148 124 95
159 137 108
211 197 168
211 197 168
211 197 168
211 197 168
211 197 168
211 197 168
211 197 168
211 197 168
211 197 168
211 197 168
211 197 168
211 197 168
211 197 168
211 197 168
211 197 168
211 197 168
211 197 168
211 197 168
211 197 168
211 197 168
211 197 168
211 197 168
211 197 168
211 197 168
211 197 168
211 197 168
211 197 168
211 197 168
211 197 168
211 197 168
211 197 168
211 197 168
211 197 168
211 197 168
211 197 168
211 197 168
211 197 168
212 198 169
212 198 169
206 193 164
198 185 158
191 178 152
186 173 148
183 171 146
183 170 146
185 173 148
189 176 151
196 183 156
204 191 163
211 197 168
212 198 169
212 198 169
211 197 168
211 197 168
211 197 168
211 197 168
211 197 168
211 197 168
211 197 168
211 197 168
211 197 168
211 197 168
211 197 168
211 197 168
211 197 168
211 197 168
211 197 168
211 197 168
211 197 168
211 197 168
211 197 168
211 197 168
211 197 168
211 197 168
211 197 168
211 197 168
211 197 168
211 197 168
211 197 168
211 197 168
211 197 168
211 197 168
211 197 168
211 197 168
211 197 168
211 197 168
211 197 168
212 198 169
174 154 125
148 124 95
148 124 95
152 127 97
152 127 97
149 125 96
148 124 95
159 137 108
211 197 167
211 197 168
212 198 168
212 198 168
211 197 168
212 198 168
212 198 168
212 198 168
211 197 168
212 198 168
211 197 168
212 198 168
212 198 168
211 197 168
212 198 168
212 198 168
211 197 168
212 198 168
212 198 168
211 197 168
212 198 168
212 198 168
211 197 168
212 198 168
212 198 168
211 197 168
212 198 168
212 198 168
212 198 168
211 197 168
212 198 168
212 198 168
211 197 168
212 198 168
212 198 168
211 197 168
212 198 168
212 198 168
211 197 168
212 198 168
212 198 168
212 198 168
212 198 168
212 198 168
212 198 168
212 198 168
212 198 168
212 198 168
212 198 168
212 198 168
211 197 168
212 198 168
211 197 168
212 198 168
212 198 168
211 197 168
212 198 168
212 198 168
211 197 168
212 198 168
212 198 168
211 197 168
212 198 168
212 198 168
211 197 168
212 198 168
212 198 168
211 197 168
212 198 168
212 198 168
211 197 168
212 198 168
212 198 168
211 197 168
212 198 168
212 198 168
211 197 168
212 198 168
212 198 168
211 197 168
212 198 168
212 198 168
211 197 168
212 198 168
212 198 168
211 197 168
212 198 168
212 198 168
174 154 124
149 125 96
149 125 96
152 127 97
152 127 97
149 125 96
148 124 95
156 134 104
210 195 166
211 197 167
212 198 168
212 198 168
211 197 167
212 198 168
212 198 168
212 198 168
211 197 167
212 198 168
211 197 167
212 198 168
212 198 168
211 197 167
212 198 168
212 198 168
211 197 167
212 198 168
212 198 168
211 197 167
212 198 168
212 198 168
211 197 167
212 198 168
212 198 168
211 197 167
212 198 168
212 198 168
212 198 168
211 197 167
212 198 168
212 198 168
211 197 167
212 198 168
212 198 168
211 197 167
212 198 168
212 198 168
211 197 167
212 198 168
212 198 168
211 197 167
212 198 168
212 198 168
211 197 167
212 198 168
212 198 168
211 197 167
212 198 168
212 198 168
211 197 167
212 198 168
211 197 167
212 198 168
212 198 168
211 197 167
212 198 168
212 198 168
211 197 167
212 198 168
212 198 168
211 197 167
212 198 168
212 198 168
211 197 167
212 198 168
212 198 168
211 197 167
212 198 168
212 198 168
211 197 167
212 198 168
212 198 168
211 197 167
212 198 168
212 198 168
211 197 167
212 198 168
212 198 168
211 197 167
212 198 168
212 198 168
211 197 167
212 198 168
212 198 168
211 197 167
212 198 168
212 198 168
170 150 120
149 125 96
149 125 96
152 127 97
152 127 97
148 124 95
148 124 95
152 128 99
206 191 161
211 196 167
211 196 167
211 196 167
211 196 167
211 196 167
211 196 167
211 196 167
211 196 167
211 196 167
211 196 167
211 196 167
211 196 167
211 196 167
211 196 167
211 196 167
211 196 167
211 196 167
211 196 167
211 196 167
211 196 167
211 196 167
211 196 167
211 196 167
211 196 167
211 196 167
211 196 167
211 196 167
211 196 167
211 196 167
211 196 167
211 196 167
211 196 167
211 196 167
211 196 167
211 196 167
211 196 167
211 196 167
211 196 167
211 196 167
211 196 167
211 196 167
211 196 167
211 196 167
211 196 167
211 196 167
211 196 167
211 196 167
211 196 167
211 196 167
211 196 167
211 196 167
211 196 167
211 196 167
211 196 167
211 196 167
211 196 167
211 196 167
211 196 167
211 196 167
211 196 167
211 196 167
211 196 167
211 196 167
211 196 167
211 196 167
211 196 167
211 196 167
211 196 167
211 196 167
211 196 167
211 196 167
211 196 167
211 196 167
211 196 167
211 196 167
211 196 167
211 196 167
211 196 167
211 196 167
211 196 167
211 196 167
211 196 167
211 196 167
211 196 167
211 196 167
211 196 167
211 196 167
162 140 111
148 124 95
148 124 95
152 127 97
152 127 98
149 125 96
148 124 95
148 124 95
198 181 151
211 196 166
212 197 167
212 197 167
211 196 166
212 197 167
212 197 167
212 197 167
211 196 166
212 197 167
211 196 166
212 197 167
212 197 167
211 196 166
212 197 167
212 197 167
211 196 166
212 197 167
212 197 167
211 196 166
212 197 167
212 197 167
211 196 166
212 197 167
212 197 167
211 196 166
212 197 167
212 197 167
212 197 167
211 196 166
212 197 167
212 197 167
211 196 166
212 197 167
212 197 167
211 196 166
212 197 167
212 197 167
211 196 166
212 197 167
212 197 167
211 196 166
212 197 167
212 197 167
211 196 166
212 197 167
212 197 167
211 196 166
212 197 167
212 197 167
211 196 166
212 197 167
211 196 166
212 197 167
212 197 167
211 196 166
212 197 167
212 197 167
211 196 166
212 197 167
212 197 167
211 196 166
212 197 167
212 197 167
211 196 166
212 197 167
212 197 167
211 196 166
212 197 167
212 197 167
211 196 166
212 197 167
212 197 167
211 196 166
212 197 167
212 197 167
211 196 166
212 197 167
212 197 167
211 196 166
212 197 167
212 197 167
211 196 166
212 197 167
212 197 167
211 196 166
212 197 167
208 193 163
154 131 102
149 125 96
149 125 96
150 126 97
150 125 95
149 125 96
148 124 95
148 124 95
182 162 132
212 197 166
212 197 166
212 197 166
211 196 166
212 197 166
212 197 166
212 197 166
211 196 166
212 197 166
211 196 166
212 197 166
212 197 166
211 196 166
212 197 166
212 197 166
211 196 166
212 197 166
212 197 166
211 196 166
212 197 166
212 197 166
211 196 166
212 197 166
212 197 166
211 196 166
212 197 166
212 197 166
212 197 166
211 196 166
212 197 166
212 197 166
211 196 166
212 197 166
212 197 166
211 196 166
212 197 166
212 197 166
211 196 166
212 197 166
212 197 166
211 196 166
212 197 166
212 197 166
211 196 166
212 197 166
212 197 166
211 196 166
212 197 166
212 197 166
211 196 166
212 197 166
211 196 166
212 197 166
212 197 166
211 196 166
212 197 166
212 197 166
211 196 166
212 197 166
212 197 166
211 196 166
212 197 166
212 197 166
211 196 166
212 197 166
212 197 166
211 196 166
212 197 166
212 197 166
211 196 166
212 197 166
212 197 166
211 196 166
212 197 166
212 197 166
211 196 166
212 197 166
212 197 166
211 196 166
212 197 166
212 197 166
211 196 166
212 197 166
212 197 166
211 196 166
212 197 166
198 181 151
148 124 95
149 125 96
149 125 96
151 127 97
151 126 97
150 125 96
148 124 95
148 124 95
160 138 109
211 196 165
211 196 165
211 196 165
211 196 165
211 196 165
211 196 165
211 196 165
211 196 165
211 196 165
211 196 165
211 196 165
211 196 165
211 196 165
211 196 165
211 196 165
211 196 165
211 196 165
211 196 165
211 196 165
211 196 165
211 196 165
211 196 165
211 196 165
211 196 165
211 196 165
211 196 165
211 196 165
211 196 165
211 196 165
211 196 165
211 196 165
211 196 165
211 196 165
211 196 165
211 196 165
211 196 165
211 196 165
211 196 165
211 196 165
211 196 165
211 196 165
211 196 165
211 196 165
211 196 165
211 196 165
211 196 165
211 196 165
211 196 165
211 196 165
211 196 165
211 196 165
211 196 165
211 196 165
211 196 165
211 196 165
211 196 165
211 196 165
211 196 165
211 196 165
211 196 165
211 196 165
211 196 165
211 196 165
211 196 165
211 196 165
211 196 165
211 196 165
211 196 165
211 196 165
211 196 165
211 196 165
211 196 165
211 196 165
211 196 165
211 196 165
211 196 165
211 196 165
211 196 165
211 196 165
211 196 165
211 196 165
211 196 165
211 196 165
211 196 165
211 196 165
212 197 166
176 156 126
148 124 95
148 124 95
149 125 96
151 126 96
149 125 95
151 126 97
148 124 95
149 125 96
150 126 97
198 180 149
212 196 165
212 196 165
211 196 165
212 196 165
212 196 165
212 196 165
211 196 165
212 196 165
211 196 165
212 196 165
212 196 165
211 196 165
212 196 165
212 196 165
211 196 165
212 196 165
212 196 165
211 196 165
212 196 165
212 196 165
211 196 165
212 196 165
212 196 165
211 196 165
212 196 165
212 196 165
212 196 165
211 196 165
212 196 165
212 196 165
211 196 165
212 196 165
212 196 165
211 196 165
212 196 165
212 196 165
211 196 165
212 196 165
212 196 165
211 196 165
212 196 165
212 196 165
211 196 165
212 196 165
212 196 165
211 196 165
212 196 165
212 196 165
211 196 165
212 196 165
211 196 165
212 196 165
212 196 165
211 196 165
212 196 165
212 196 165
211 196 165
212 196 165
212 196 165
211 196 165
212 196 165
212 196 165
211 196 165
212 196 165
212 196 165
211 196 165
212 196 165
212 196 165
211 196 165
212 196 165
212 196 165
211 196 165
212 196 165
212 196 165
211 196 165
212 196 165
212 196 165
211 196 165
212 196 165
212 196 165
211 196 165
212 196 165
212 196 165
211 196 165
208 192 161
155 132 103
148 124 95
149 125 96
150 125 96
150 126 96
149 125 95
151 127 97
148 124 95
148 124 95
148 124 95
168 146 116
212 197 166
211 195 164
211 195 164
211 195 164
211 195 164
211 195 164
211 195 164
211 195 164
211 195 164
211 195 164
211 195 164
211 195 164
211 195 164
211 195 164
211 195 164
211 195 164
211 195 164
211 195 164
211 195 164
211 195 164
211 195 164
211 195 164
211 195 164
211 195 164
211 195 164
211 195 164
211 195 164
211 195 164
211 195 164
211 195 164
211 195 164
211 195 164
211 195 164
211 195 164
211 195 164
211 195 164
211 195 164
211 195 164
211 195 164
211 195 164
211 195 164
211 195 164
211 195 164
211 195 164
211 195 164
211 195 164
211 195 164
211 195 164
211 195 164
211 195 164
211 195 164
211 195 164
211 195 164
211 195 164
211 195 164
211 195 164
211 195 164
211 195 164
211 195 164
211 195 164
211 195 164
211 195 164
211 195 164
211 195 164
211 195 164
211 195 164
211 195 164
211 195 164
211 195 164
211 195 164
211 195 164
211 195 164
211 195 164
211 195 164
211 195 164
211 195 164
211 195 164
211 195 164
211 195 164
211 195 164
211 195 164
211 195 164
211 195 164
212 196 165
185 166 135
148 124 95
148 124 95
148 124 95
151 127 97
148 124 95
0 0 0
150 126 97
150 125 96
149 125 96
149 125 96
148 124 95
196 178 146
212 196 164
211 195 163
212 196 164
212 196 164
212 196 164
211 195 163
212 196 164
211 195 163
212 196 164
212 196 164
211 195 163
212 196 164
212 196 164
211 195 163
212 196 164
212 196 164
211 195 163
212 196 164
212 196 164
211 195 163
212 196 164
212 196 164
211 195 163
212 196 164
212 196 164
212 196 164
211 195 163
212 196 164
212 196 164
211 195 163
212 196 164
212 196 164
211 195 163
212 196 164
212 196 164
211 195 163
212 196 164
212 196 164
211 195 163
212 196 164
212 196 164
211 195 163
212 196 164
212 196 164
211 195 163
212 196 164
212 196 164
211 195 163
212 196 164
211 195 163
212 196 164
212 196 164
211 195 163
212 196 164
212 196 164
211 195 163
212 196 164
212 196 164
211 195 163
212 196 164
212 196 164
211 195 163
212 196 164
212 196 164
211 195 163
212 196 164
212 196 164
211 195 163
212 196 164
212 196 164
211 195 163
212 196 164
212 196 164
211 195 163
212 196 164
212 196 164
211 195 163
212 196 164
212 196 164
211 195 163
212 196 164
212 196 164
207 191 159
152 129 99
149 125 96
148 124 95
149 125 96
151 127 97
149 125 96
0 0 0
149 125 95
151 127 97
149 125 96
149 125 96
148 124 95
158 135 106
207 190 159
211 196 164
212 196 164
212 196 164
212 196 164
211 195 163
212 196 164
211 195 163
212 196 164
212 196 164
211 195 163
212 196 164
212 196 164
211 195 163
212 196 164
212 196 164
211 195 163
212 196 164
212 196 164
211 195 163
212 196 164
212 196 164
211 195 163
212 196 164
212 196 164
212 196 164
211 195 163
212 196 164
212 196 164
211 195 163
212 196 164
212 196 164
211 195 163
212 196 164
212 196 164
211 195 163
212 196 164
212 196 164
211 195 163
212 196 164
212 196 164
211 195 163
212 196 164
212 196 164
211 195 163
212 196 164
212 196 164
211 195 163
212 196 164
211 195 163
212 196 164
212 196 164
211 195 163
212 196 164
212 196 164
211 195 163
212 196 164
212 196 164
211 195 163
212 196 164
212 196 164
211 195 163
212 196 164
212 196 164
211 195 163
212 196 164
212 196 164
211 195 163
212 196 164
212 196 164
211 195 163
212 196 164
212 196 164
211 195 163
212 196 164
212 196 164
211 195 163
212 196 164
212 196 164
211 195 163
212 196 164
211 195 163
171 149 119
148 124 95
149 125 96
148 124 95
151 126 97
149 125 96
0 0 0
0 0 0
149 125 96
150 126 96
149 125 96
149 125 96
148 124 95
148 124 95
169 148 118
210 194 162
211 195 163
211 195 163
211 195 163
211 195 163
211 195 163
211 195 163
211 195 163
211 195 163
211 195 163
211 195 163
211 195 163
211 195 163
211 195 163
211 195 163
211 195 163
211 195 163
211 195 163
211 195 163
211 195 163
211 195 163
211 195 163
211 195 163
211 195 163
211 195 163
211 195 163
211 195 163
211 195 163
211 195 163
211 195 163
211 195 163
211 195 163
211 195 163
211 195 163
211 195 163
211 195 163
211 195 163
211 195 163
211 195 163
211 195 163
211 195 163
211 195 163
211 195 163
211 195 163
211 195 163
211 195 163
211 195 163
211 195 163
211 195 163
211 195 163
211 195 163
211 195 163
211 195 163
211 195 163
211 195 163
211 195 163
211 195 163
211 195 163
211 195 163
211 195 163
211 195 163
211 195 163
211 195 163
211 195 163
211 195 163
211 195 163
211 195 163
211 195 163
211 195 163
211 195 163
211 195 163
211 195 163
211 195 163
211 195 163
211 195 163
211 195 163
211 195 163
211 195 163
211 195 163
212 196 163
184 164 134
148 124 95
149 125 96
149 125 96
148 124 95
152 127 98
149 125 96
0 0 0
0 0 0
0 0 0
149 125 95
152 127 97
149 125 96
148 124 95
148 124 95
148 124 95
173 152 122
210 194 162
210 194 162
210 194 162
210 194 162
210 194 162
210 194 162
210 194 162
210 194 162
210 194 162
210 194 162
210 194 162
210 194 162
210 194 162
210 194 162
210 194 162
210 194 162
210 194 162
210 194 162
210 194 162
210 194 162
210 194 162
210 194 162
210 194 162
210 194 162
210 194 162
210 194 162
210 194 162
210 194 162
210 194 162
210 194 162
210 194 162
210 194 162
210 194 162
210 194 162
210 194 162
210 194 162
210 194 162
210 194 162
210 194 162
210 194 162
210 194 162
210 194 162
210 194 162
210 194 162
210 194 162
210 194 162
210 194 162
210 194 162
210 194 162
210 194 162
210 194 162
210 194 162
210 194 162
210 194 162
210 194 162
210 194 162
210 194 162
210 194 162
210 194 162
210 194 162
210 194 162
210 194 162
210 194 162
210 194 162
210 194 162
210 194 162
210 194 162
210 194 162
210 194 162
210 194 162
210 194 162
210 194 162
210 194 162
210 194 162
210 194 162
210 194 162
210 194 162
211 195 163
187 168 137
149 125 96
148 124 95
148 124 95
148 124 95
151 127 98
149 124 95
0 0 0
0 0 0
0 0 0
0 0 0
0 0 0
150 125 96
151 127 97
148 124 95
149 125 96
149 125 96
148 124 95
171 150 120
208 191 158
211 195 162
210 194 161
211 195 162
210 194 161
211 195 162
211 195 162
210 194 161
211 195 162
211 195 162
210 194 161
211 195 162
211 195 162
210 194 161
211 195 162
211 195 162
210 194 161
211 195 162
211 195 162
210 194 161
211 195 162
211 195 162
211 195 162
210 194 161
211 195 162
211 195 162
210 194 161
211 195 162
211 195 162
210 194 161
211 195 162
211 195 162
210 194 161
211 195 162
211 195 162
210 194 161
211 195 162
211 195 162
210 194 161
211 195 162
211 195 162
210 194 161
211 195 162
211 195 162
210 194 161
211 195 162
210 194 161
211 195 162
211 195 162
210 194 161
211 195 162
211 195 162
210 194 161
211 195 162
211 195 162
210 194 161
211 195 162
211 195 162
210 194 161
211 195 162
211 195 162
210 194 161
211 195 162
211 195 162
210 194 161
211 195 162
211 195 162
210 194 161
211 195 162
211 195 162
210 194 161
211 195 162
211 195 162
210 194 161
211 195 162
210 194 161
184 164 133
149 125 96
149 125 96
148 124 95
149 125 96
150 126 96
150 126 96
0 0 0
0 0 0
0 0 0
0 0 0
0 0 0
0 0 0
149 125 96
150 126 96
150 126 96
149 125 96
149 125 96
148 124 95
148 124 95
161 139 109
200 182 150
211 195 162
211 195 161
210 194 161
211 195 161
211 195 161
210 194 161
211 195 161
211 195 161
210 194 161
211 195 161
211 195 161
210 194 161
211 195 161
211 195 161
210 194 161
211 195 161
211 195 161
210 194 161
211 195 161
211 195 161
211 195 161
210 194 161
211 195 161
211 195 161
210 194 161
211 195 161
211 195 161
210 194 161
211 195 161
211 195 161
210 194 161
211 195 161
211 195 161
210 194 161
211 195 161
211 195 161
210 194 161
211 195 161
211 195 161
210 194 161
211 195 161
211 195 161
210 194 161
211 195 161
210 194 161
211 195 161
211 195 161
210 194 161
211 195 161
211 195 161
210 194 161
211 195 161
211 195 161
210 194 161
211 195 161
211 195 161
210 194 161
211 195 161
211 195 161
210 194 161
211 195 161
211 195 161
210 194 161
211 195 161
211 195 161
210 194 161
211 195 161
211 195 161
210 194 161
211 195 161
211 195 161
211 195 161
207 190 157
170 149 118
148 124 95
149 125 96
149 125 96
148 124 95
149 125 96
152 128 97
149 125 96
0 0 0
0 0 0
0 0 0
0 0 0
0 0 0
0 0 0
0 0 0
149 124 95
150 126 96
150 126 96
148 124 95
148 124 95
148 124 95
148 124 95
149 125 96
176 155 124
203 185 153
211 194 161
210 193 160
210 193 160
210 193 160
210 193 160
210 193 160
210 193 160
210 193 160
210 193 160
210 193 160
210 193 160
210 193 160
210 193 160
210 193 160
210 193 160
210 193 160
210 193 160
210 193 160
210 193 160
210 193 160
210 193 160
210 193 160
210 193 160
210 193 160
210 193 160
210 193 160
210 193 160
210 193 160
210 193 160
210 193 160
210 193 160
210 193 160
210 193 160
210 193 160
210 193 160
210 193 160
210 193 160
210 193 160
210 193 160
210 193 160
210 193 160
210 193 160
210 193 160
210 193 160
210 193 160
210 193 160
210 193 160
210 193 160
210 193 160
210 193 160
210 193 160
210 193 160
210 193 160
210 193 160
210 193 160
210 193 160
210 193 160
210 193 160
210 193 160
210 193 160
210 193 160
210 193 160
210 193 160
210 193 160
210 193 160
210 193 160
210 193 160
211 194 161
207 190 157
184 165 133
152 128 99
148 124 95
148 124 95
148 124 95
148 124 95
149 125 96
151 127 97
148 125 95
0 0 0
0 0 0
0 0 0
0 0 0
0 0 0
0 0 0
0 0 0
0 0 0
0 0 0
149 125 95
150 125 97
151 127 97
149 125 96
149 125 96
149 125 96
149 125 96
148 124 95
152 128 99
170 148 118
193 174 142
205 188 155
210 193 159
211 194 160
211 194 161
211 194 161
211 194 161
211 194 161
211 194 160
211 194 161
211 194 161
211 194 160
211 194 161
211 194 161
211 194 160
211 194 161
211 194 161
211 194 161
211 194 160
211 194 161
211 194 161
211 194 160
211 194 161
211 194 161
211 194 160
211 194 161
211 194 161
211 194 160
211 194 161
211 194 161
211 194 160
211 194 161
211 194 161
211 194 160
211 194 161
211 194 161
211 194 160
211 194 161
211 194 161
211 194 160
211 194 161
211 194 160
211 194 161
211 194 161
211 194 160
211 194 161
211 194 161
211 194 160
211 194 161
211 194 161
211 194 160
211 194 161
211 194 161
211 194 160
211 194 161
211 194 161
211 194 160
211 194 161
211 194 161
211 194 160
211 194 161
211 194 161
211 194 161
210 193 160
207 190 157
197 179 146
176 155 124
155 132 102
148 124 95
149 125 96
149 125 96
148 124 95
149 125 96
150 126 96
151 127 98
148 125 95
0 0 0
0 0 0
0 0 0
0 0 0
0 0 0
0 0 0
0 0 0
0 0 0
0 0 0
0 0 0
0 0 0
149 125 95
151 126 95
152 128 98
149 125 96
149 125 96
149 125 96
148 124 95
149 125 96
148 124 95
148 124 95
152 128 99
160 137 107
169 146 116
173 152 121
173 152 121
175 154 124
176 155 124
175 155 124
176 155 124
176 155 124
175 155 124
175 155 124
175 154 124
175 154 124
175 154 124
175 154 124
175 154 124
175 154 124
175 154 124
175 154 124
175 154 124
175 154 124
175 154 124
175 154 124
175 154 124
175 154 124
175 154 124
175 154 124
175 154 124
175 154 124
175 154 124
175 154 124
175 154 124
175 154 124
175 154 124
175 154 124
175 154 124
175 154 124
174 154 124
175 154 124
174 154 123
175 154 123
175 154 123
174 154 123
175 154 123
175 154 123
174 154 123
175 154 123
175 154 123
174 154 123
175 154 123
175 154 123
174 154 123
175 154 123
175 154 123
174 154 123
175 154 123
175 154 123
174 154 123
173 152 121
173 152 121
170 148 117
163 140 110
154 130 101
148 124 95
148 124 95
149 125 96
148 124 95
149 125 96
149 125 96
148 124 95
152 127 98
151 126 97
149 125 95
0 0 0
0 0 0
0 0 0
0 0 0
0 0 0
0 0 0
0 0 0
0 0 0
0 0 0
0 0 0
0 0 0
0 0 0
0 0 0
0 0 0
149 125 95
154 127 97
151 127 97
149 125 96
148 124 95
148 124 95
148 124 95
148 124 95
148 124 95
148 124 95
148 124 95
148 124 95
148 124 95
148 124 95
148 124 95
148 124 95
148 124 95
148 124 95
148 124 95
148 124 95
148 124 95
148 124 95
148 124 95
148 124 95
148 124 95
148 124 95
148 124 95
148 124 95
148 124 95
148 124 95
148 124 95
148 124 95
148 124 95
148 124 95
148 124 95
148 124 95
148 124 95
148 124 95
148 124 95
148 124 95
148 124 95
148 124 95
148 124 95
148 124 95
148 124 95
148 124 95
148 124 95
148 124 95
148 124 95
148 124 95
148 124 95
148 124 95
148 124 95
148 124 95
148 124 95
148 124 95
148 124 95
148 124 95
148 124 95
148 124 95
148 124 95
148 124 95
148 124 95
148 124 95
148 124 95
148 124 95
148 124 95
148 124 95
148 124 95
148 124 95
148 124 95
148 124 95
148 124 95
148 124 95
148 124 95
148 124 95
149 125 96
151 126 97
153 127 98
150 126 96
0 0 0
0 0 0
0 0 0
0 0 0
0 0 0
0 0 0
0 0 0
0 0 0
0 0 0
0 0 0
0 0 0
0 0 0
0 0 0
0 0 0
0 0 0
0 0 0
0 0 0
150 125 95
150 126 95
151 127 97
151 127 97
150 126 96
149 125 96
149 125 96
149 125 96
148 124 95
149 125 96
149 125 96
148 124 95
149 125 96
149 125 96
148 124 95
149 125 96
149 125 96
148 124 95
149 125 96
149 125 96
148 124 95
149 125 96
149 125 96
149 125 96
148 124 95
149 125 96
149 125 96
148 124 95
149 125 96
149 125 96
148 124 95
149 125 96
149 125 96
148 124 95
149 125 96
149 125 96
148 124 95
149 125 96
149 125 96
148 124 95
149 125 96
149 125 96
148 124 95
149 125 96
149 125 96
148 124 95
149 125 96
148 124 95
149 125 96
149 125 96
148 124 95
149 125 96
149 125 96
148 124 95
149 125 96
149 125 96
148 124 95
149 125 96
149 125 96
148 124 95
149 125 96
149 125 96
148 124 95
149 125 96
149 125 96
148 124 95
149 125 96
149 125 96
148 124 95
149 125 96
149 125 96
148 124 95
149 125 96
150 125 96
152 127 97
152 127 98
151 127 97
150 126 96
0 0 0
0 0 0
0 0 0
0 0 0
0 0 0
0 0 0
0 0 0
0 0 0
0 0 0
0 0 0
0 0 0
0 0 0
0 0 0
0 0 0
0 0 0
0 0 0
0 0 0
0 0 0
0 0 0
0 0 0
0 0 0
150 126 95
151 127 96
151 126 97
152 127 97
150 126 97
152 127 97
152 127 97
152 127 97
152 127 97
152 127 97
152 127 97
152 127 97
152 127 97
152 127 97
152 127 97
152 127 97
152 127 97
152 127 97
152 127 97
152 127 97
152 127 97
152 127 97
152 127 97
152 127 97
152 127 97
152 127 97
152 127 97
152 127 97
152 127 97
152 127 97
152 127 97
152 127 97
152 127 97
152 127 97
152 127 97
152 127 97
152 127 97
152 127 97
152 127 97
152 127 97
152 127 97
152 127 97
152 127 97
152 127 97
152 127 97
152 127 97
152 127 97
152 127 97
152 127 97
152 127 97
152 127 97
152 127 97
152 127 97
152 127 97
152 127 97
152 127 97
152 127 97
152 127 97
152 127 97
152 127 97
152 127 97
152 127 97
152 127 97
152 127 97
152 127 97
152 127 97
152 127 97
150 126 97
151 127 97
152 126 97
151 126 97
149 125 95
149 125 96
0 0 0
0 0 0
0 0 0
0 0 0
0 0 0
0 0 0
0 0 0
0 0 0
0 0 0
0 0 0
0 0 0
