96 96
0 0 0
0 0 0
0 0 0
0 0 0
0 0 0
0 0 0
0 0 0
0 0 0
0 0 0
0 0 0
0 0 0
0 0 0
0 0 0
0 0 0
0 0 0
0 0 0
0 0 0
0 0 0
0 0 0
0 0 0
0 0 0
0 0 0
0 0 0
0 0 0
0 0 0
0 0 0
0 0 0
0 0 0
0 0 0
0 0 0
0 0 0
0 0 0
0 0 0
0 0 0
0 0 0
0 0 0
0 0 0
0 0 0
0 0 0
0 0 0
0 0 0
0 0 0
0 0 0
0 0 0
0 0 0
0 0 0
0 0 0
0 0 0
0 0 0
0 0 0
0 0 0
0 0 0
0 0 0
0 0 0
0 0 0
0 0 0
0 0 0
0 0 0
0 0 0
0 0 0
0 0 0
0 0 0
0 0 0
0 0 0
0 0 0
0 0 0
0 0 0
0 0 0
0 0 0
0 0 0
0 0 0
0 0 0
0 0 0
0 0 0
0 0 0
0 0 0
0 0 0
0 0 0
0 0 0
0 0 0
0 0 0
0 0 0
0 0 0
0 0 0
0 0 0
0 0 0
0 0 0
0 0 0
0 0 0
0 0 0
0 0 0
0 0 0
0 0 0
0 0 0
0 0 0
0 0 0
0 0 0
0 0 0
0 0 0
0 0 0
0 0 0
0 0 0
0 0 0
0 0 0
0 0 0
1 0 0
1 0 0
0 0 0
0 0 0
1 0 0
1 0 0
1 0 0
1 0 0
1 0 0
1 0 0
1 0 0
1 0 0
1 0 0
1 0 0
0 0 0
0 0 0
1 0 0
1 0 0
1 0 0
1 0 0
1 0 0
1 0 0
1 0 0
1 0 0
1 0 0
1 0 0
0 0 0
0 0 0
1 0 0
1 0 0
1 0 0
1 0 0
1 0 0
1 0 0
1 0 0
1 0 0
1 0 0
1 0 0
0 0 0
0 0 0
1 0 0
1 0 0
1 0 0
1 0 0
1 0 0
1 0 0
1 0 0
1 0 0
1 0 0
1 0 0
0 0 0
0 0 0
1 0 0
1 0 0
1 0 0
1 0 0
1 0 0
1 0 0
1 0 0
1 0 0
1 0 0
1 0 0
1 0 0
0 0 0
1 0 0
1 0 0
1 0 0
1 0 0
1 0 0
1 0 0
1 0 0
1 0 0
1 0 0
1 0 0
1 0 0
0 0 0
1 0 0
0 0 0
0 0 0
0 0 0
0 0 0
0 0 0
0 0 0
0 0 0
0 0 0
0 0 0
0 0 0
0 0 0
0 0 0
0 0 0
0 0 0
1 0 0
27 9 3
94 30 12
132 43 16
151 50 19
143 49 18
140 48 17
53 18 6
64 22 8
139 49 19
140 49 19
140 50 19
139 50 19
140 51 19
140 52 19
140 52 19
140 52 19
140 52 19
141 53 19
84 32 11
69 26 10
140 54 20
140 54 20
140 55 20
140 55 20
140 55 21
140 55 21
140 56 21
140 56 22
140 57 21
140 57 21
69 28 10
67 27 10
141 57 21
141 58 22
141 58 21
141 58 21
141 59 22
141 59 22
141 59 22
141 59 22
141 59 23
141 59 23
63 26 10
98 41 15
141 59 23
141 59 23
141 59 22
141 59 22
141 59 22
141 59 22
141 58 21
141 58 21
141 58 22
141 58 21
88 36 13
94 38 14
140 57 21
140 57 21
140 56 22
140 56 21
140 54 21
139 53 20
139 53 20
138 52 20
139 52 20
138 52 20
102 38 14
34 13 4
140 53 19
140 52 19
140 52 19
140 52 19
139 50 19
138 49 19
138 49 19
138 48 18
139 49 18
139 49 18
110 38 15
59 20 7
134 45 17
117 40 14
78 26 9
28 9 3
4 1 0
0 0 0
0 0 0
0 0 0
0 0 0
0 0 0
0 0 0
0 0 0
0 0 0
0 0 0
17 5 2
150 49 19
234 76 30
242 80 31
241 81 30
241 82 30
242 83 31
241 83 32
93 32 12
112 40 15
241 86 32
241 86 33
242 87 33
242 88 33
242 89 33
242 89 34
242 90 33
242 91 33
243 92 34
242 93 35
144 55 21
118 46 17
242 95 35
242 95 36
243 96 36
242 96 37
242 96 37
243 98 38
242 98 37
243 99 38
243 99 37
243 99 37
118 48 18
114 47 18
243 101 38
244 102 39
243 102 39
242 100 38
240 97 37
239 96 37
238 95 37
239 95 37
236 92 35
235 91 35
97 37 14
164 69 27
243 102 39
244 102 39
241 99 38
236 91 35
231 84 32
230 82 31
229 81 31
227 78 30
225 75 28
223 72 27
123 39 14
146 59 22
243 100 37
242 97 37
230 81 31
219 66 25
214 58 22
213 57 22
213 57 22
213 56 21
213 56 21
212 56 21
147 38 14
55 21 8
242 93 35
241 91 33
225 70 26
215 58 22
212 53 20
211 53 20
211 52 20
210 52 20
211 52 19
210 51 19
151 38 14
86 30 11
241 83 32
239 80 30
239 81 30
218 73 28
159 53 20
53 17 6
2 0 0
0 0 0
0 0 0
0 0 0
0 0 0
0 0 0
0 0 0
5 1 0
163 53 21
241 78 30
241 80 30
242 81 31
241 82 30
241 83 31
242 83 32
241 84 32
95 33 13
113 40 15
241 87 33
241 88 33
241 88 33
240 87 33
238 84 32
235 82 31
234 81 30
232 80 30
231 78 30
231 78 30
133 45 17
115 45 17
242 95 36
242 95 37
232 82 32
224 72 28
223 71 27
223 71 27
223 71 27
223 71 27
221 69 26
220 67 25
103 31 12
111 47 18
243 102 39
242 101 39
228 79 30
216 62 24
215 60 23
214 60 22
214 60 23
215 60 23
214 60 23
214 60 23
87 24 9
160 68 26
243 104 40
231 85 32
215 62 23
214 60 23
215 60 23
214 60 22
214 60 22
214 60 22
215 60 23
214 59 22
101 28 10
125 52 20
243 101 39
222 71 26
214 58 22
213 58 21
213 57 21
213 57 22
212 57 21
212 56 21
213 56 21
212 55 21
129 34 12
51 20 7
242 94 35
222 67 25
211 53 20
211 53 20
210 52 19
211 52 20
210 52 19
210 51 19
210 51 19
209 50 19
138 33 12
74 26 10
234 76 29
210 50 19
211 50 18
218 58 21
232 71 27
226 75 28
116 38 14
8 2 1
0 0 0
0 0 0
0 0 0
0 0 0
0 0 0
64 21 8
239 78 30
242 80 31
242 81 31
242 82 31
242 83 31
242 83 32
242 84 33
242 85 33
91 32 12
109 39 15
241 88 33
229 74 28
214 56 21
212 54 20
211 53 20
211 53 20
211 54 20
212 54 21
212 55 21
212 55 21
119 31 11
114 45 17
241 94 37
219 66 25
213 57 22
213 58 22
214 58 22
214 58 22
214 58 22
214 59 22
214 59 23
215 59 23
99 27 10
109 46 18
243 103 39
223 73 27
215 61 23
215 61 23
215 61 23
215 61 23
215 61 23
215 61 24
215 61 24
215 61 24
81 23 9
152 66 25
238 98 37
216 63 24
215 61 24
215 61 23
215 61 23
215 61 23
215 61 23
215 61 23
215 60 23
215 60 23
90 25 9
114 47 18
237 93 35
215 60 23
214 59 22
214 59 22
214 58 22
214 58 22
213 58 22
213 57 22
213 57 22
213 56 22
119 31 12
58 23 8
236 87 32
212 55 21
212 54 21
211 54 20
211 53 20
211 53 20
211 52 20
211 52 20
210 51 20
210 51 20
133 32 12
71 25 9
225 67 25
209 49 19
209 48 18
208 48 18
208 48 18
218 57 21
237 77 29
134 44 17
2 0 0
0 0 0
0 0 0
0 0 0
0 0 0
128 41 16
242 80 31
241 81 30
241 82 30
242 83 31
241 83 32
238 80 31
236 79 30
241 86 32
89 32 12
109 40 15
233 78 30
211 52 20
211 52 20
210 53 20
211 53 20
211 54 20
211 54 20
212 55 20
212 55 21
212 56 21
103 27 10
109 44 17
230 82 31
213 57 21
214 58 22
213 58 22
214 59 22
214 59 22
214 59 22
215 60 23
214 60 22
214 60 23
98 27 10
108 47 18
233 89 34
215 61 24
215 61 23
215 62 23
216 62 24
215 62 23
215 62 23
216 62 24
216 62 23
216 62 23
75 21 8
147 64 24
226 79 30
216 62 24
216 62 23
215 62 23
216 62 24
215 62 23
215 62 23
215 61 23
215 61 24
215 61 23
85 24 9
111 48 18
226 78 29
214 60 22
215 60 23
214 59 22
214 59 22
214 59 22
214 58 22
213 58 22
213 58 22
213 57 21
114 30 11
65 26 10
228 76 30
212 55 21
212 55 21
211 54 20
211 54 20
211 53 20
210 53 20
210 52 19
211 52 20
210 51 19
130 32 12
67 24 9
219 61 23
209 49 18
209 49 19
208 48 18
208 48 18
208 48 18
216 56 21
234 76 29
49 16 6
0 0 0
0 0 0
0 0 0
0 0 0
151 50 19
242 81 31
241 82 30
241 83 31
240 82 31
223 64 25
209 50 19
210 50 19
235 80 31
89 32 12
109 40 15
218 60 23
210 52 19
211 53 20
211 53 20
211 54 20
212 55 21
212 55 21
212 55 21
213 56 21
212 56 21
95 25 9
109 44 17
222 70 26
213 58 22
214 59 22
214 59 22
214 59 22
215 60 23
214 60 23
215 61 23
215 61 23
215 61 23
97 28 10
107 47 18
223 74 28
216 62 24
216 62 23
216 63 23
216 63 24
216 63 23
216 63 23
216 63 24
216 63 23
216 63 23
72 21 7
143 64 23
219 68 25
217 63 24
216 63 23
216 63 23
216 63 24
216 63 23
216 63 23
216 62 23
216 62 24
215 62 23
84 24 9
110 47 18
219 67 26
215 61 23
215 61 23
214 60 23
214 60 22
215 60 23
214 59 22
214 59 22
214 58 22
213 58 21
112 30 11
65 26 10
221 68 26
212 56 21
212 56 21
212 55 21
211 55 20
212 54 21
211 54 20
211 53 20
211 52 20
210 52 19
129 31 12
65 23 9
216 58 22
209 50 19
209 49 19
208 49 18
208 48 18
208 48 18
208 47 17
225 64 24
113 38 14
0 0 0
0 0 0
0 0 0
0 0 0
170 57 21
242 82 31
242 83 31
241 83 32
219 60 23
209 49 19
209 50 19
210 50 19
225 69 26
89 33 12
107 38 14
211 54 20
211 53 20
211 54 20
212 54 21
212 55 21
212 55 21
213 56 21
213 56 22
213 57 22
213 57 22
95 25 9
110 44 16
215 61 23
214 59 22
215 60 23
215 60 23
215 60 23
215 61 23
215 61 23
215 61 24
216 62 24
216 62 24
96 28 10
104 45 17
218 66 24
217 63 24
217 63 24
217 64 24
217 64 24
217 64 24
217 64 24
217 64 24
217 64 24
217 64 24
71 21 8
139 58 22
217 64 24
217 64 24
217 64 24
217 64 24
217 64 24
217 64 24
217 64 24
217 63 24
217 63 24
216 63 24
83 24 9
106 42 16
216 62 24
216 62 24
215 62 24
215 61 23
215 61 23
215 60 23
215 60 23
215 60 23
214 59 23
214 59 22
112 30 11
64 24 9
215 60 23
213 57 22
213 56 22
213 56 21
212 55 21
212 55 21
212 54 21
211 54 20
211 53 20
211 53 20
128 32 12
63 22 8
212 54 21
210 51 19
209 50 19
209 49 19
209 49 19
209 48 18
208 48 18
212 52 19
144 48 18
0 0 0
0 0 0
0 0 0
0 0 0
177 60 22
242 83 31
241 83 32
231 72 28
209 49 19
209 50 19
209 50 19
210 51 20
216 58 22
89 32 12
104 35 13
211 53 20
211 54 20
212 54 21
212 55 20
212 55 21
213 56 21
212 56 21
213 57 21
213 58 22
213 58 22
93 25 9
107 39 15
214 59 22
214 60 22
215 60 23
215 61 23
215 61 23
215 62 24
215 62 23
216 62 24
216 63 23
216 63 23
96 28 10
99 38 14
216 64 24
217 64 24
216 64 24
216 64 24
217 65 25
217 65 24
217 65 24
217 65 25
217 65 24
217 65 24
69 21 8
130 46 17
217 65 24
217 65 25
217 65 24
217 65 24
217 65 25
217 65 24
216 64 24
216 64 24
217 64 24
216 64 24
83 24 9
100 33 12
216 63 23
216 63 23
216 62 24
215 62 23
215 62 23
215 61 23
215 61 23
214 60 23
215 60 23
214 59 22
112 31 11
58 17 6
213 58 22
213 58 21
213 57 22
212 57 21
212 56 21
212 56 21
212 55 20
211 54 20
211 54 20
211 53 20
127 32 12
58 16 6
211 52 20
210 51 19
210 51 19
209 50 19
209 49 18
209 49 19
208 48 18
208 48 18
166 54 20
0 0 0
0 0 0
0 0 0
0 0 0
177 60 22
242 83 32
241 83 32
215 57 21
209 50 19
209 50 19
210 51 19
210 52 20
211 53 20
86 29 11
97 27 10
211 54 20
211 54 20
212 55 21
212 55 21
212 56 21
213 57 22
213 57 21
213 58 21
214 58 22
214 59 22
90 25 9
103 29 11
214 60 23
214 61 23
215 61 23
215 61 23
215 62 23
216 62 24
216 63 23
216 63 24
216 63 24
216 64 24
96 28 10
93 27 10
217 65 24
217 65 25
217 65 24
217 65 24
218 66 25
217 66 25
217 66 25
218 66 25
217 66 25
217 66 25
68 20 7
125 38 14
218 66 25
218 66 25
217 66 25
217 66 25
218 66 25
217 66 25
217 65 24
217 65 24
217 65 25
217 65 24
83 24 9
97 28 11
216 64 24
216 64 24
217 63 24
216 63 23
216 62 23
216 62 24
215 62 23
215 61 23
215 61 23
214 60 23
112 31 11
58 16 6
214 59 22
214 58 22
213 58 22
213 57 21
212 57 21
213 56 21
212 55 21
212 55 21
212 54 21
211 54 20
127 32 12
55 14 5
210 52 19
210 52 19
210 51 20
209 51 19
209 50 19
209 49 19
208 49 18
208 48 18
185 55 20
1 0 0
0 0 0
0 0 0
0 0 0
177 61 23
242 84 32
234 76 29
209 50 19
210 50 19
210 51 20
210 52 20
211 52 20
211 53 20
80 22 8
95 24 9
212 54 21
212 55 21
212 56 21
213 56 21
213 57 22
213 57 22
214 58 22
214 58 22
214 59 22
215 59 23
88 24 9
102 29 11
215 61 23
215 61 24
216 62 24
216 62 24
216 63 24
217 63 24
217 64 24
217 64 24
217 64 24
217 65 25
96 29 11
93 28 10
218 66 25
218 66 25
218 66 25
218 66 25
218 66 25
218 67 26
218 67 26
218 67 26
218 67 26
218 67 26
68 21 8
126 38 14
218 67 26
218 67 26
218 67 26
218 67 26
218 67 26
218 67 25
218 66 25
218 66 25
218 66 25
218 66 25
83 25 9
97 29 11
217 65 25
217 64 24
217 64 24
217 64 24
217 63 24
216 63 24
216 62 24
216 62 24
215 62 24
215 61 23
112 32 12
58 16 6
215 60 23
214 59 22
214 58 22
214 58 22
213 57 22
213 57 22
213 56 22
213 56 21
212 55 21
212 55 21
127 32 12
55 14 5
211 53 20
211 52 20
210 52 20
210 51 20
210 50 19
209 50 19
209 49 19
209 49 19
199 59 22
4 1 0
0 0 0
0 0 0
0 0 0
177 61 24
242 85 33
224 67 25
209 50 19
210 51 20
210 51 19
210 52 19
211 53 20
211 53 20
78 19 7
95 24 9
212 55 21
212 56 21
213 56 22
213 57 21
213 57 21
214 58 22
214 58 22
214 59 22
215 60 23
214 60 23
87 24 9
103 29 11
215 62 23
216 62 23
216 63 24
216 63 23
216 64 24
217 64 24
216 64 24
217 65 25
217 65 24
217 66 25
96 29 11
93 28 11
218 67 25
218 67 26
218 67 25
218 67 25
219 68 26
218 67 25
218 68 25
219 68 26
218 68 25
218 68 25
68 21 8
126 39 14
218 68 25
219 68 26
218 68 25
218 68 25
219 68 26
218 67 25
218 67 25
218 67 25
218 67 26
218 67 25
83 25 9
98 29 11
217 66 25
217 65 24
217 65 25
217 65 24
216 64 24
217 64 24
216 63 24
216 63 23
216 62 24
215 62 23
113 32 12
58 16 6
214 60 23
214 60 22
214 59 23
214 59 22
213 58 22
213 58 22
213 57 21
212 56 21
213 56 21
212 55 21
127 33 12
55 14 5
211 53 20
210 53 19
211 52 20
210 51 19
210 51 19
210 50 19
209 50 19
208 49 18
201 59 23
6 2 0
0 0 0
0 0 0
0 0 0
177 62 24
242 86 33
219 61 23
209 51 19
210 51 20
210 52 19
210 52 19
211 53 20
211 54 20
78 20 7
96 25 9
212 56 21
212 56 21
213 57 22
213 57 21
213 58 22
214 59 22
214 59 22
214 60 22
215 60 23
215 61 23
86 24 9
103 29 11
216 63 23
216 63 23
217 64 24
216 64 24
216 64 24
217 65 25
217 65 24
218 66 25
218 66 25
218 66 25
96 29 11
94 29 11
218 67 25
219 68 26
218 68 25
218 68 25
219 68 26
219 68 25
219 69 26
219 69 26
219 69 26
219 69 26
68 21 8
127 40 15
219 69 26
219 69 26
219 69 26
219 69 26
219 68 26
219 68 25
219 68 25
218 68 25
219 68 26
218 67 25
84 25 10
98 30 11
218 67 25
218 66 25
218 66 25
217 65 24
217 65 24
217 65 25
216 64 24
216 64 24
216 63 24
216 63 23
113 32 12
58 16 6
215 61 23
214 61 23
215 60 23
214 59 22
214 59 22
214 58 22
213 58 21
213 57 21
213 56 22
212 56 21
127 33 12
55 14 5
211 54 20
211 53 20
211 53 20
210 52 19
210 51 19
210 51 20
209 50 19
209 50 18
195 53 20
6 2 0
0 0 0
0 0 0
0 0 0
177 63 24
241 86 33
215 57 22
210 51 20
211 52 20
211 52 20
211 53 20
211 54 20
212 54 21
78 20 7
96 25 9
213 56 22
213 57 22
213 58 22
214 58 22
214 59 22
215 59 23
215 60 23
215 61 23
215 61 23
216 62 24
86 24 9
103 30 11
217 63 24
217 64 24
217 64 24
217 65 25
217 65 25
218 66 25
218 66 25
218 67 25
218 67 26
219 67 26
97 30 11
94 29 11
219 68 26
219 68 26
219 69 26
219 69 26
220 69 26
220 69 26
220 69 26
220 70 27
220 70 27
220 70 27
69 22 8
127 40 15
220 70 27
220 70 27
220 70 27
220 69 26
220 69 26
220 69 26
219 69 26
219 69 26
219 69 26
219 68 26
84 26 10
98 30 11
219 67 26
219 67 26
218 67 26
218 66 25
218 66 25
217 65 25
217 65 25
217 64 24
217 64 24
217 63 24
113 33 12
58 16 6
216 62 24
215 61 23
215 61 23
215 60 23
215 60 23
214 59 22
214 58 22
213 58 22
213 57 22
213 56 22
127 33 13
55 14 5
212 54 21
211 54 20
211 53 20
211 53 20
211 52 20
210 51 20
210 51 19
209 50 19
193 51 19
6 2 0
0 0 0
0 0 0
0 0 0
177 63 24
240 86 33
211 53 20
210 52 19
211 52 20
211 53 20
211 54 20
212 54 21
212 55 20
78 20 7
96 25 10
213 57 21
213 57 21
214 58 22
214 59 22
214 59 22
215 60 23
215 61 23
215 61 23
216 62 24
216 62 23
84 24 9
103 30 11
216 64 24
217 65 24
217 65 25
217 66 25
218 66 25
218 67 26
218 67 25
219 67 26
218 68 25
219 68 25
97 30 11
94 29 11
219 69 26
220 69 26
220 70 26
220 70 26
220 70 27
220 70 26
220 70 26
221 71 27
220 71 27
220 71 27
69 22 8
127 41 15
220 71 27
221 71 27
220 71 26
220 70 26
220 70 27
220 70 26
220 70 26
220 70 26
220 70 26
219 69 26
84 26 10
98 31 11
219 68 25
218 68 25
219 68 26
218 67 25
218 67 25
218 66 25
217 66 25
217 65 24
217 65 25
216 64 24
113 33 12
58 17 6
216 63 23
215 62 23
215 61 24
215 61 23
214 60 23
215 60 23
214 59 22
214 58 22
213 58 22
213 57 21
126 33 13
55 14 5
212 55 21
211 54 20
211 54 20
211 53 20
210 52 19
211 52 20
210 51 19
209 51 19
191 49 18
6 2 0
0 0 0
0 0 0
0 0 0
178 64 24
239 85 32
211 52 20
210 52 19
211 53 20
211 53 20
211 54 20
212 55 21
212 55 21
78 20 8
96 26 10
213 57 21
213 58 22
214 59 22
214 59 22
214 60 22
215 61 23
215 61 23
215 62 23
216 63 24
216 63 23
83 24 9
102 30 11
217 65 24
217 65 24
218 66 25
218 66 25
218 67 25
219 67 26
218 68 25
219 68 26
219 69 26
219 69 26
97 30 11
94 30 11
220 70 26
220 70 27
220 71 27
220 71 27
221 71 27
220 71 27
220 71 27
221 72 27
220 71 27
220 71 27
69 22 8
127 41 16
220 71 27
221 72 27
220 71 27
220 71 27
221 71 27
220 71 27
220 71 27
220 71 27
220 70 27
220 70 26
84 27 10
99 31 12
219 69 26
219 69 26
219 68 26
218 68 25
218 67 25
219 67 26
218 67 25
218 66 25
217 66 25
217 65 24
113 34 13
58 17 6
216 63 24
216 63 23
216 62 24
215 61 23
215 61 23
215 60 23
214 60 22
214 59 22
214 58 22
213 58 21
126 34 13
55 14 5
212 56 21
212 55 21
212 54 21
211 54 20
210 53 20
211 52 20
210 52 19
210 51 19
189 47 18
6 2 0
0 0 0
0 0 0
0 0 0
182 67 25
238 85 32
211 52 20
211 53 20
211 53 20
212 54 21
212 55 21
212 56 21
213 56 21
78 21 8
96 26 10
214 58 22
214 59 22
215 59 23
215 60 23
215 61 23
215 62 24
216 62 24
216 63 24
217 63 24
217 64 24
83 24 9
103 31 11
218 66 25
218 66 25
218 67 26
219 67 26
219 68 26
219 68 26
219 69 26
220 69 26
220 69 26
220 70 27
97 31 11
95 30 11
221 71 27
221 71 27
221 72 27
221 72 28
221 72 28
221 72 28
221 72 28
221 72 28
221 73 28
221 73 28
69 22 8
127 42 16
221 73 28
221 73 28
221 72 28
221 72 28
221 72 28
221 72 28
221 72 28
221 72 27
221 71 27
221 71 27
84 27 10
99 31 12
220 70 27
220 70 26
220 69 26
219 69 26
219 68 26
219 68 26
219 67 26
218 67 26
218 66 25
218 66 25
114 34 13
58 17 6
217 64 24
217 63 24
216 63 24
216 62 24
215 62 24
215 61 23
215 60 23
215 60 23
214 59 22
214 58 22
127 34 13
55 14 5
213 56 22
212 56 21
212 55 21
212 54 21
211 53 20
211 53 20
211 52 20
210 52 20
188 46 18
5 1 0
0 0 0
0 0 0
0 0 0
185 68 25
239 85 32
211 53 20
211 53 20
211 54 20
211 55 20
212 55 21
213 56 21
212 57 21
78 21 8
96 26 10
214 59 22
214 59 22
215 60 23
215 61 23
215 61 23
216 62 24
216 63 23
216 63 24
217 64 24
217 65 24
85 25 9
104 31 12
218 66 25
218 67 25
219 68 26
218 68 25
219 68 26
219 69 26
219 69 26
220 70 27
220 70 26
220 71 27
97 31 12
95 31 12
220 72 27
221 72 28
221 72 27
221 73 27
222 73 28
221 73 27
221 73 27
222 74 28
222 73 27
222 73 27
69 23 8
127 42 16
222 73 27
222 74 28
221 73 27
221 73 27
222 73 28
221 73 27
221 73 27
221 72 27
221 72 28
220 72 27
84 27 10
99 32 12
220 71 27
220 70 26
220 70 27
220 70 26
219 69 26
219 69 26
219 68 25
218 68 25
219 67 26
218 67 25
114 34 13
58 17 6
217 65 24
216 64 24
217 64 24
216 63 23
216 62 23
215 62 24
215 61 23
214 60 23
215 60 23
214 59 22
127 35 13
55 15 5
212 57 21
212 56 21
212 55 21
211 55 20
211 54 20
211 53 20
210 53 19
210 52 19
188 46 17
5 1 0
0 0 0
0 0 0
0 0 0
168 62 23
238 86 32
211 53 20
211 54 20
212 54 21
212 55 21
212 56 21
213 56 22
213 57 21
78 21 8
96 26 10
214 59 22
214 60 22
215 61 23
215 61 23
215 62 23
216 63 24
216 63 24
216 64 24
217 65 25
217 65 24
86 26 9
104 32 12
218 67 25
218 68 25
219 68 26
219 69 26
219 69 26
220 70 27
220 70 26
221 71 27
220 71 27
220 72 27
97 31 12
95 31 12
221 73 27
222 73 28
221 73 27
222 73 27
222 74 28
222 74 28
222 74 28
222 74 28
222 74 28
222 74 28
66 22 8
127 42 16
222 74 28
222 74 28
222 74 28
222 74 28
222 74 28
222 74 27
222 74 27
221 73 27
222 73 28
221 73 27
78 25 9
99 32 12
220 72 27
220 71 27
221 71 27
220 70 26
220 70 26
220 69 26
219 69 26
219 68 26
219 68 26
218 67 25
114 35 13
58 17 6
217 65 25
217 65 24
217 64 24
216 64 24
216 63 23
216 62 24
215 61 23
215 61 23
215 60 23
214 59 22
127 35 13
55 15 5
213 57 21
212 57 21
213 56 21
212 55 21
211 54 20
211 54 20
211 53 20
210 52 19
188 46 17
5 1 0
0 0 0
0 0 0
0 0 0
161 60 22
239 86 32
211 54 20
212 54 21
212 55 21
212 56 21
213 56 22
213 57 22
213 58 22
70 19 7
95 26 10
215 60 23
215 61 23
215 61 23
216 62 24
216 63 24
217 64 24
217 64 24
217 65 25
217 65 25
218 66 25
81 24 9
104 32 12
219 68 26
219 68 26
219 69 26
220 70 26
220 70 27
221 71 27
221 71 27
221 72 27
221 72 28
221 72 28
94 31 11
95 31 12
222 74 28
222 74 28
222 74 28
222 74 28
223 75 28
223 75 28
223 75 29
223 75 29
223 75 29
221 75 28
54 18 7
127 43 16
223 75 29
223 75 29
223 75 29
223 75 29
223 75 29
223 75 28
223 74 28
222 74 28
222 74 28
222 74 28
72 24 9
99 32 12
221 73 28
221 72 28
221 72 27
221 71 27
221 71 27
220 70 27
220 70 27
220 69 26
219 68 26
219 68 26
109 34 13
59 18 7
218 66 25
217 66 25
217 65 25
217 64 24
217 64 24
216 63 24
216 62 24
215 61 24
215 61 23
215 60 23
127 35 13
55 15 5
214 58 22
213 57 22
213 56 22
212 56 21
212 55 21
212 54 21
211 53 20
211 53 20
187 46 17
4 1 0
0 0 0
0 0 0
0 0 0
160 60 22
239 87 32
212 54 21
211 55 20
212 55 21
212 56 21
212 57 21
213 58 22
212 58 21
60 16 6
95 26 10
214 60 23
215 61 23
216 62 24
216 63 23
216 63 24
217 64 24
217 65 24
217 65 24
218 66 25
218 67 25
72 22 8
104 32 12
219 69 26
219 69 26
220 70 27
220 70 26
220 71 27
221 71 27
220 72 27
221 72 28
221 73 27
221 73 27
85 28 10
95 32 12
222 74 28
223 75 28
222 75 28
222 75 28
223 76 29
223 76 28
223 76 29
223 76 29
223 76 29
215 73 28
47 16 6
124 42 16
223 76 29
223 76 29
223 76 29
223 76 29
223 76 29
222 76 28
222 75 28
222 75 28
223 75 28
221 74 28
60 20 7
97 32 12
221 73 27
221 73 27
221 72 28
221 72 27
220 71 27
221 71 27
220 70 26
220 70 26
220 69 26
219 69 26
98 30 11
59 18 7
218 67 25
218 66 25
218 66 25
217 65 24
216 64 24
217 63 24
216 63 23
215 62 23
215 61 23
214 61 23
124 34 13
55 15 5
214 58 22
213 58 21
213 57 22
212 56 21
212 55 21
212 55 21
211 54 20
211 53 20
174 43 16
3 1 0
0 0 0
0 0 0
0 0 0
168 63 23
239 88 33
212 55 21
212 55 20
213 56 21
212 56 21
213 57 21
214 58 22
206 57 21
56 15 6
96 27 10
215 61 23
215 62 23
216 62 24
216 63 23
216 64 24
217 65 25
217 65 24
217 66 25
218 67 26
210 65 24
62 19 7
104 33 12
219 69 26
220 70 26
220 71 27
220 71 27
220 72 27
221 72 28
221 73 27
222 73 28
222 74 27
221 74 28
74 24 9
95 32 12
222 75 28
223 76 29
223 76 29
223 76 29
223 76 29
223 77 29
223 77 29
224 77 30
223 77 29
201 70 27
44 15 5
120 41 16
223 77 29
224 77 30
223 77 29
223 77 29
223 77 29
223 77 29
223 76 29
223 76 29
223 76 29
212 72 27
53 18 6
97 32 12
222 74 28
222 74 28
222 73 28
221 73 27
221 72 27
221 72 27
220 71 27
220 71 27
220 70 27
219 69 26
89 28 10
59 18 7
218 67 25
218 67 25
218 66 25
217 65 25
217 65 24
217 64 24
216 63 24
216 63 23
216 62 24
215 61 23
113 32 12
55 15 5
214 59 22
213 58 22
213 57 22
212 57 21
212 56 21
212 55 21
211 54 20
211 54 20
161 41 15
3 0 0
0 0 0
0 0 0
0 0 0
176 67 25
239 88 34
212 55 21
212 55 21
213 56 22
213 57 22
213 58 22
214 58 22
200 55 21
55 15 5
96 27 10
215 61 24
216 62 24
216 63 24
217 64 24
217 64 24
217 65 25
218 66 25
218 67 25
219 67 26
192 59 22
60 18 7
104 33 12
220 70 27
220 71 27
221 71 27
221 72 28
221 72 28
222 73 28
222 73 28
222 74 28
223 74 28
211 71 27
69 23 8
95 32 12
223 76 29
223 77 29
224 77 29
224 77 30
224 77 30
224 78 30
224 78 30
224 78 30
224 78 30
182 63 24
42 14 5
118 41 15
224 78 30
224 78 30
224 78 30
224 78 30
224 78 30
224 77 30
224 77 30
224 77 29
223 77 29
197 67 25
53 18 6
97 33 12
223 75 29
223 74 28
222 74 28
222 74 28
222 73 28
221 72 28
221 72 28
221 71 27
221 71 27
215 69 26
82 26 10
59 18 7
219 68 26
219 67 26
218 67 26
218 66 25
217 65 25
217 65 25
217 64 24
217 63 24
216 62 24
214 61 23
97 28 10
55 15 5
215 59 23
214 59 22
214 58 22
213 57 22
213 56 22
213 56 21
212 55 21
209 53 20
127 32 12
0 0 0
0 0 0
0 0 0
0 0 0
178 68 26
239 89 34
212 56 21
212 56 21
213 57 22
213 57 21
213 58 22
214 59 22
187 52 20
55 15 5
97 27 10
215 62 23
216 63 23
217 64 24
216 64 24
217 65 24
218 66 25
218 67 25
218 67 25
216 67 25
164 51 19
61 19 7
105 33 12
220 71 27
220 71 27
221 72 28
221 73 27
221 73 27
222 74 28
222 74 28
223 75 28
222 75 28
192 65 24
68 23 8
92 32 12
223 77 29
224 77 30
224 78 29
224 78 29
224 78 30
224 78 29
224 79 29
225 79 30
222 78 29
162 57 21
42 15 5
117 41 15
224 79 29
225 79 30
224 79 29
224 79 29
225 78 30
224 78 29
224 78 29
224 78 29
224 77 30
179 62 24
53 18 7
97 33 12
223 76 28
222 75 28
223 75 28
222 74 28
222 74 28
222 73 28
221 73 27
221 72 27
221 71 27
201 65 24
80 26 9
59 18 7
219 69 26
219 68 25
219 67 26
218 67 25
218 66 25
217 65 25
217 64 24
216 64 24
216 63 24
204 59 22
90 25 10
55 15 5
214 60 22
214 59 22
214 58 22
213 58 21
212 57 21
213 56 21
212 55 21
184 47 18
123 31 12
2 0 0
0 0 0
0 0 0
0 0 0
178 68 26
239 90 34
213 56 21
212 56 21
213 57 22
213 58 21
214 59 22
214 59 22
167 47 17
55 15 6
97 28 10
216 63 23
216 63 23
217 64 24
217 65 24
217 66 25
218 66 25
218 67 25
218 68 25
182 57 21
153 48 18
61 19 7
105 34 12
220 71 27
221 72 27
221 73 28
221 73 27
222 74 28
222 74 28
222 75 28
223 76 29
222 76 28
168 58 22
67 23 9
91 31 12
224 78 29
224 78 30
224 78 29
224 79 29
225 79 30
224 79 30
224 79 30
225 80 30
197 70 27
157 56 21
42 14 5
117 41 16
225 80 30
225 80 30
225 79 30
225 79 30
225 79 30
224 79 30
224 79 29
224 79 29
216 75 28
159 55 21
53 18 7
98 33 13
223 77 29
223 76 29
223 76 29
222 75 28
222 74 28
222 74 28
221 73 27
221 73 27
220 72 27
172 56 21
80 26 10
59 19 7
219 69 26
219 69 26
219 68 26
218 67 25
218 67 25
218 66 25
217 65 24
216 64 24
216 63 24
175 51 19
90 25 10
56 16 6
214 60 23
214 60 22
214 59 22
213 58 22
213 57 21
212 56 22
196 51 19
152 39 15
132 34 13
3 1 0
0 0 0
0 0 0
0 0 0
178 69 26
239 90 34
212 56 22
213 57 22
213 58 22
214 58 22
214 59 22
198 55 21
150 43 16
55 15 6
97 28 10
216 63 24
217 64 24
217 65 25
217 65 25
218 66 25
219 67 26
218 68 25
192 60 22
154 48 18
154 49 19
62 20 7
105 34 13
221 72 28
221 73 28
222 73 28
222 74 28
223 75 28
223 75 29
223 76 29
223 76 29
194 67 25
156 54 21
67 23 9
92 32 12
225 79 30
225 79 30
225 79 30
225 80 30
225 80 30
225 80 31
225 80 31
207 74 28
160 57 22
158 57 22
42 15 5
118 42 16
226 81 31
226 81 31
226 80 31
225 80 31
225 80 31
225 80 30
225 80 30
223 79 30
175 62 23
157 55 21
53 18 7
98 34 13
224 77 30
224 77 29
223 76 29
223 76 29
223 75 29
223 75 28
222 74 28
222 73 28
193 63 24
154 50 20
80 26 10
59 19 7
220 70 27
220 69 26
219 69 26
219 68 26
219 67 26
218 66 25
218 66 25
216 65 24
186 55 21
151 45 17
90 26 10
56 16 6
215 61 23
215 60 23
215 59 23
214 58 22
212 57 21
180 48 18
150 39 15
148 38 15
132 34 13
3 1 0
0 0 0
0 0 0
0 0 0
178 69 26
239 90 34
213 57 22
213 57 21
214 58 22
213 59 22
200 56 21
156 44 16
150 42 16
55 15 6
98 28 10
216 64 24
216 64 24
217 65 25
218 66 25
218 67 25
204 63 24
172 53 20
154 48 18
154 49 19
153 49 19
64 21 8
105 34 13
221 73 27
221 73 27
222 74 28
222 75 28
222 75 28
222 76 28
211 72 27
184 63 24
157 54 21
156 54 20
68 23 9
92 32 12
224 79 30
225 80 30
225 80 30
225 80 30
226 81 31
224 81 30
197 71 27
159 57 22
157 56 21
157 56 21
42 15 5
118 43 16
226 81 31
226 82 31
226 81 31
226 81 31
226 81 31
225 81 30
212 76 29
173 62 24
157 56 21
157 55 21
53 19 7
98 34 13
224 78 29
224 78 29
224 77 30
223 77 29
223 76 29
223 75 29
220 74 28
192 64 24
156 52 20
154 51 19
82 27 10
61 19 7
220 70 26
219 70 26
218 69 26
216 68 25
216 67 25
213 65 25
197 60 23
166 50 19
151 45 17
150 44 16
91 27 10
55 15 6
209 60 23
201 57 21
192 53 20
178 49 18
156 42 15
149 40 15
148 39 14
148 38 14
132 34 13
3 1 0
0 0 0
0 0 0
0 0 0
157 61 23
210 80 31
188 50 19
186 50 19
167 45 17
145 40 15
132 37 14
132 37 14
132 37 14
49 14 5
86 25 9
191 56 21
191 57 21
191 57 21
175 53 20
150 46 17
135 41 15
135 42 16
135 43 16
135 43 16
135 44 17
58 18 7
95 31 12
195 65 24
196 65 24
195 65 25
188 63 24
172 58 22
150 51 19
138 47 18
137 47 18
138 48 18
138 48 18
60 21 8
82 29 11
198 70 27
199 71 27
199 71 27
197 71 27
179 65 24
152 55 21
139 50 19
139 50 19
139 50 19
139 50 19
38 14 5
108 39 15
199 72 28
200 72 28
200 72 28
197 71 27
180 65 25
158 57 21
140 50 19
141 50 19
143 51 19
144 51 20
50 17 7
78 28 10
177 62 23
171 59 22
164 57 22
161 56 21
160 55 21
158 54 20
145 49 18
139 46 17
142 47 18
143 48 18
78 26 10
45 14 5
157 51 19
156 50 19
153 48 18
150 47 18
148 46 17
146 45 17
144 44 16
143 43 16
143 43 16
142 42 16
86 25 9
38 11 4
142 40 16
141 40 15
141 40 15
140 39 14
138 38 14
138 37 13
138 37 13
138 36 13
124 32 12
3 0 0
0 0 0
0 0 0
0 0 0
3 1 0
5 1 0
4 1 0
4 1 0
3 0 0
3 0 0
3 0 0
3 0 0
3 0 0
1 0 0
1 0 0
4 1 0
4 1 0
4 1 0
3 1 0
3 1 0
3 1 0
3 1 0
3 1 0
3 1 0
3 1 0
1 0 0
2 0 0
4 1 0
4 1 0
4 1 0
3 1 0
3 1 0
3 1 0
3 1 0
3 1 0
3 1 0
3 1 0
1 0 0
1 0 0
4 1 0
4 1 0
4 1 0
4 1 0
3 1 0
3 1 0
3 1 0
3 1 0
3 1 0
3 1 0
1 0 0
2 1 0
4 1 0
4 1 0
4 1 0
4 1 0
3 1 0
3 1 0
3 1 0
3 1 0
5 1 0
6 2 0
2 0 0
3 1 0
6 2 0
4 1 0
3 1 0
3 1 0
3 1 0
3 1 0
3 1 0
3 1 0
4 1 0
5 1 0
3 1 0
2 0 0
6 2 0
6 2 0
7 2 0
7 2 0
7 2 0
7 2 0
7 2 0
7 2 0
7 2 0
7 2 0
4 1 0
1 0 0
6 1 0
6 1 0
6 1 0
6 1 0
5 1 0
5 1 0
5 1 0
6 1 0
6 1 0
0 0 0
0 0 0
0 0 0
0 0 0
81 81 81
111 111 111
110 110 110
111 111 111
111 111 111
111 111 111
111 111 111
111 111 111
111 111 111
110 110 110
111 111 111
111 111 111
111 111 111
111 111 111
111 111 111
110 110 110
111 111 111
110 110 110
111 111 111
110 110 110
111 111 111
110 110 110
111 111 111
111 111 111
111 111 111
110 110 110
111 111 111
111 111 111
111 111 111
111 111 111
111 111 111
111 111 111
111 111 111
111 111 111
111 111 111
111 111 111
111 111 111
111 111 111
111 111 111
111 111 111
110 110 110
111 111 111
110 110 110
110 110 110
108 108 108
106 106 106
102 102 102
98 98 98
95 95 95
94 94 94
93 93 93
93 93 93
93 93 93
94 94 94
97 97 97
103 103 103
105 105 105
106 107 107
107 107 107
104 104 104
98 98 98
94 94 94
94 94 94
94 94 94
94 94 94
94 94 94
95 95 95
100 100 100
103 103 103
105 105 105
106 106 106
106 106 106
108 108 108
108 108 108
108 108 108
108 108 108
108 108 108
107 107 107
108 108 108
109 109 109
108 108 108
108 108 108
107 107 107
107 107 107
107 107 107
107 107 107
105 105 105
104 104 104
104 104 104
104 104 104
104 104 104
94 94 94
2 2 2
0 0 0
0 0 0
0 0 0
175 175 175
239 239 239
238 238 238
238 238 238
239 239 239
238 238 238
238 238 238
238 238 238
237 237 237
233 233 233
229 229 229
226 226 226
223 223 223
222 222 222
221 221 221
221 221 221
221 221 221
221 221 221
220 220 220
220 220 220
220 220 220
220 220 220
220 220 220
220 220 220
220 220 220
220 220 220
220 220 220
220 220 220
221 221 221
221 221 221
220 220 220
220 220 220
219 219 219
216 216 216
214 214 214
213 213 213
212 212 212
210 210 210
209 209 209
209 209 209
208 208 208
207 207 207
206 206 206
205 205 205
204 204 204
203 203 203
203 203 203
203 203 203
203 203 203
203 203 203
202 202 202
202 202 202
202 202 202
202 202 202
201 201 201
201 201 201
201 201 201
200 200 200
200 200 200
199 199 199
199 199 199
199 199 199
198 198 198
198 198 198
198 198 198
197 197 197
197 197 197
197 197 197
196 196 196
196 196 196
197 197 197
196 196 196
196 196 196
197 197 197
196 196 196
196 196 196
197 197 197
196 196 196
196 196 196
197 197 197
196 196 196
196 196 196
197 197 197
196 196 196
196 196 196
197 197 197
196 196 196
196 196 196
197 197 197
196 196 196
196 196 196
176 176 176
5 5 5
0 0 0
0 0 0
0 0 0
175 175 175
239 239 239
239 239 239
239 239 239
239 239 239
238 238 238
225 225 225
211 211 211
201 201 201
197 197 197
197 197 197
197 197 197
197 197 197
197 197 197
197 197 197
197 197 197
197 197 197
197 197 197
197 197 197
197 197 197
197 197 197
197 197 197
197 197 197
197 197 197
197 197 197
197 198 198
198 198 198
198 198 198
198 198 198
199 199 199
199 199 199
200 200 200
200 200 200
201 201 201
201 201 201
201 201 201
202 202 202
202 202 202
202 202 202
203 203 203
203 203 203
203 203 203
204 204 204
204 204 204
204 204 204
204 204 204
204 204 204
204 204 204
204 204 204
203 203 203
203 203 203
203 203 203
203 203 203
203 203 203
202 202 202
202 202 202
201 201 201
201 201 201
201 201 201
200 200 200
200 200 200
199 199 199
199 199 199
198 199 199
198 198 198
198 198 198
198 198 198
197 197 197
197 197 197
197 197 197
197 197 197
197 197 197
197 197 197
197 197 197
197 197 197
197 197 197
197 197 197
197 197 197
197 197 197
197 197 197
197 197 197
197 197 197
197 197 197
197 197 197
197 197 197
197 197 197
197 197 197
197 197 197
197 197 197
197 197 197
197 197 197
176 176 176
5 5 5
0 0 0
0 0 0
0 0 0
175 175 175
239 239 239
238 238 238
238 238 238
225 225 225
203 203 203
196 196 196
197 197 197
196 196 196
197 197 197
197 197 197
196 196 196
197 197 197
197 197 197
197 197 197
197 197 197
197 197 197
196 196 196
196 196 196
197 197 197
196 196 196
196 196 196
197 197 197
197 197 197
197 197 197
198 198 198
198 198 198
198 198 198
199 199 199
199 199 199
200 200 200
200 200 200
200 200 200
201 201 201
204 204 204
205 206 206
204 204 204
203 203 203
203 203 203
203 203 203
204 204 204
204 204 204
204 204 204
204 204 204
204 204 204
205 205 205
205 205 205
204 204 204
205 205 205
204 204 204
204 204 204
204 204 204
203 203 203
203 203 203
203 203 203
203 203 203
202 202 202
201 202 202
201 201 201
200 200 200
200 200 200
200 200 200
199 199 199
199 199 199
199 199 199
198 198 198
198 198 198
198 198 198
198 198 198
199 199 199
198 198 198
199 199 199
202 202 202
204 204 204
204 204 204
203 203 203
202 202 202
202 202 202
201 201 201
198 198 198
197 197 197
196 196 196
197 197 197
196 196 196
196 196 196
197 197 197
196 196 196
196 196 196
197 197 197
196 196 196
196 196 196
176 176 176
5 5 5
0 0 0
0 0 0
0 0 0
175 175 175
239 239 239
238 238 238
220 220 220
197 197 197
196 196 196
196 196 196
197 197 197
201 201 201
222 222 222
231 231 231
230 230 230
232 232 232
233 233 233
234 234 234
234 234 234
233 233 233
231 231 231
229 229 229
226 226 226
224 224 224
223 223 223
222 222 222
221 221 221
220 220 220
216 216 216
207 208 208
199 199 199
199 199 199
199 199 199
200 200 200
200 200 200
201 201 201
225 225 225
238 238 238
239 239 239
238 238 238
233 233 233
228 228 228
218 218 218
205 205 205
205 205 205
205 205 205
205 205 205
205 205 205
206 206 206
205 205 205
205 205 205
205 205 205
205 205 205
205 205 205
215 215 215
230 230 230
232 232 232
234 234 234
230 230 230
223 223 223
208 208 208
202 202 202
201 201 201
200 200 200
200 200 200
200 200 200
215 215 215
229 229 229
231 231 231
232 232 232
232 232 232
233 233 233
235 235 235
234 234 234
235 235 235
236 236 236
236 236 236
236 236 236
236 236 236
236 236 236
235 235 235
235 235 235
234 234 234
230 230 230
218 218 218
197 197 197
196 196 196
196 196 196
197 197 197
196 196 196
196 196 196
197 197 197
196 196 196
196 196 196
176 176 176
5 5 5
0 0 0
0 0 0
0 0 0
175 175 175
239 239 239
227 227 227
198 198 198
197 197 197
197 197 197
197 197 197
197 197 197
227 227 227
157 157 157
58 58 58
57 57 57
57 57 57
57 57 57
57 57 57
57 57 57
57 57 57
57 57 57
57 57 57
57 57 57
57 57 57
57 57 57
57 57 57
58 58 58
61 61 61
64 64 64
67 67 67
63 63 63
152 152 152
200 200 200
201 201 201
201 201 201
211 211 211
205 205 205
66 66 66
52 52 52
52 52 52
52 52 52
52 52 52
52 52 52
125 125 125
206 206 206
206 206 206
206 206 206
206 206 206
206 206 206
206 206 206
206 206 206
206 206 206
206 206 206
212 212 212
215 215 215
112 112 112
110 110 110
110 110 110
107 107 107
101 101 101
98 98 98
174 174 174
202 202 202
201 201 201
201 201 201
208 208 208
181 181 181
37 37 37
35 35 35
35 35 35
35 35 35
35 35 35
35 35 35
35 35 35
35 35 35
35 35 35
35 35 35
35 35 35
35 35 35
35 35 35
35 35 35
35 35 35
35 35 35
35 35 35
40 40 40
113 113 113
197 197 197
197 197 197
197 197 197
197 197 197
197 197 197
197 197 197
197 197 197
197 197 197
176 176 176
5 5 5
0 0 0
0 0 0
0 0 0
175 175 175
238 238 238
205 205 205
196 196 196
197 197 197
196 196 196
196 196 196
199 199 199
236 236 236
74 74 74
0 0 0
0 0 0
0 0 0
0 0 0
0 0 0
0 0 0
0 0 0
0 0 0
0 0 0
0 0 0
0 0 0
0 0 0
0 0 0
0 0 0
0 0 0
0 0 0
0 0 0
0 0 0
97 97 97
200 200 200
201 201 201
201 201 201
220 220 220
124 124 124
0 0 0
0 0 0
0 0 0
0 0 0
0 0 0
0 0 0
72 72 72
206 206 206
207 207 207
207 207 207
207 207 207
207 207 207
207 207 207
207 207 207
207 207 207
207 207 207
221 221 221
132 132 132
0 0 0
0 0 0
0 0 0
0 0 0
0 0 0
0 0 0
117 117 117
202 202 202
202 202 202
201 201 201
212 212 212
137 137 137
0 0 0
0 0 0
0 0 0
0 0 0
0 0 0
0 0 0
0 0 0
0 0 0
0 0 0
0 0 0
0 0 0
0 0 0
0 0 0
0 0 0
0 0 0
0 0 0
0 0 0
0 0 0
60 60 60
196 196 196
196 196 196
197 197 197
196 196 196
196 196 196
197 197 197
196 196 196
196 196 196
176 176 176
5 5 5
0 0 0
0 0 0
0 0 0
175 175 175
236 236 236
198 198 198
196 196 196
197 197 197
196 196 196
196 196 196
201 201 201
237 237 237
58 58 58
0 0 0
0 0 0
0 0 0
0 0 0
0 0 0
0 0 0
0 0 0
0 0 0
0 0 0
0 0 0
0 0 0
0 0 0
0 0 0
0 0 0
0 0 0
0 0 0
0 0 0
0 0 0
84 84 84
200 200 200
201 201 201
202 202 202
224 224 224
106 106 106
0 0 0
0 0 0
0 0 0
0 0 0
0 0 0
0 0 0
72 72 72
207 207 207
207 207 207
208 208 208
208 208 208
208 208 208
208 208 208
208 208 208
208 208 208
207 207 207
225 225 225
122 122 122
0 0 0
0 0 0
0 0 0
0 0 0
0 0 0
0 0 0
112 112 112
202 202 202
202 202 202
201 201 201
213 213 213
137 137 137
0 0 0
0 0 0
0 0 0
0 0 0
0 0 0
0 0 0
0 0 0
0 0 0
0 0 0
0 0 0
0 0 0
0 0 0
0 0 0
0 0 0
0 0 0
0 0 0
0 0 0
0 0 0
51 51 51
194 194 194
196 196 196
197 197 197
196 196 196
196 196 196
197 197 197
196 196 196
196 196 196
176 176 176
5 5 5
0 0 0
0 0 0
0 0 0
175 175 175
234 234 234
197 197 197
197 197 197
197 197 197
197 197 197
197 197 197
201 201 201
237 237 237
52 52 52
0 0 0
0 0 0
0 0 0
0 0 0
0 0 0
0 0 0
0 0 0
0 0 0
0 0 0
0 0 0
0 0 0
0 0 0
0 0 0
0 0 0
0 0 0
0 0 0
0 0 0
0 0 0
73 73 73
199 199 199
202 202 202
202 202 202
224 224 224
104 104 104
0 0 0
0 0 0
0 0 0
0 0 0
0 0 0
0 0 0
73 73 73
208 208 208
208 208 208
209 209 209
209 209 209
209 209 209
209 209 209
209 209 209
209 209 209
208 208 208
227 227 227
122 122 122
0 0 0
0 0 0
0 0 0
0 0 0
0 0 0
0 0 0
104 104 104
203 203 203
203 203 203
202 202 202
214 214 214
135 135 135
0 0 0
0 0 0
0 0 0
0 0 0
0 0 0
0 0 0
0 0 0
0 0 0
0 0 0
0 0 0
0 0 0
0 0 0
0 0 0
0 0 0
0 0 0
0 0 0
0 0 0
0 0 0
50 50 50
191 191 191
197 197 197
197 197 197
197 197 197
197 197 197
197 197 197
197 197 197
197 197 197
176 176 176
5 5 5
0 0 0
0 0 0
0 0 0
175 175 175
233 233 233
197 197 197
196 196 196
197 197 197
196 196 196
196 196 196
199 199 199
236 236 236
48 48 48
0 0 0
0 0 0
0 0 0
0 0 0
0 0 0
0 0 0
0 0 0
0 0 0
0 0 0
0 0 0
0 0 0
0 0 0
0 0 0
0 0 0
0 0 0
0 0 0
0 0 0
0 0 0
67 67 67
199 199 199
202 202 202
203 203 203
225 225 225
103 103 103
0 0 0
0 0 0
0 0 0
0 0 0
0 0 0
0 0 0
73 73 73
209 209 209
212 212 212
217 217 217
220 220 220
215 215 215
209 209 209
209 209 209
209 209 209
209 209 209
227 227 227
122 122 122
0 0 0
0 0 0
0 0 0
0 0 0
0 0 0
0 0 0
101 101 101
203 203 203
203 203 203
202 202 202
213 213 213
135 135 135
0 0 0
0 0 0
0 0 0
0 0 0
0 0 0
0 0 0
0 0 0
0 0 0
0 0 0
0 0 0
0 0 0
0 0 0
0 0 0
0 0 0
0 0 0
0 0 0
0 0 0
0 0 0
49 49 49
187 187 187
196 196 196
197 197 197
196 196 196
196 196 196
197 197 197
196 196 196
196 196 196
175 175 175
4 4 4
0 0 0
0 0 0
0 0 0
175 175 175
232 232 232
197 197 197
196 196 196
197 197 197
196 196 196
196 196 196
197 197 197
223 223 223
45 45 45
0 0 0
0 0 0
0 0 0
0 0 0
0 0 0
0 0 0
0 0 0
0 0 0
0 0 0
0 0 0
0 0 0
0 0 0
0 0 0
0 0 0
0 0 0
0 0 0
0 0 0
0 0 0
71 71 71
200 200 200
202 202 202
203 203 203
225 225 225
103 103 103
0 0 0
0 0 0
0 0 0
0 0 0
0 0 0
0 0 0
61 61 61
179 179 179
197 197 197
198 198 198
199 199 199
203 203 203
203 203 203
210 210 210
210 210 210
210 210 210
228 228 228
122 122 122
0 0 0
0 0 0
0 0 0
0 0 0
0 0 0
0 0 0
98 98 98
204 204 204
203 203 203
203 203 203
211 211 211
135 135 135
0 0 0
0 0 0
0 0 0
0 0 0
0 0 0
0 0 0
0 0 0
0 0 0
0 0 0
0 0 0
0 0 0
0 0 0
0 0 0
0 0 0
0 0 0
0 0 0
0 0 0
0 0 0
49 49 49
186 186 186
196 196 196
197 197 197
196 196 196
196 196 196
197 197 197
196 196 196
196 196 196
175 175 175
4 4 4
0 0 0
0 0 0
0 0 0
175 175 175
232 232 232
197 197 197
196 196 196
197 197 197
196 196 196
196 196 196
197 197 197
197 197 197
50 50 50
0 0 0
0 0 0
0 0 0
0 0 0
0 0 0
0 0 0
0 0 0
0 0 0
0 0 0
0 0 0
0 0 0
0 0 0
0 0 0
0 0 0
0 0 0
0 0 0
0 0 0
0 0 0
95 95 95
201 201 201
203 203 203
203 203 203
225 225 225
103 103 103
0 0 0
0 0 0
0 0 0
0 0 0
0 0 0
0 0 0
0 0 0
0 0 0
0 0 0
0 0 0
0 0 0
1 1 1
114 114 114
211 211 211
211 211 211
210 210 210
229 229 229
122 122 122
0 0 0
0 0 0
0 0 0
0 0 0
0 0 0
0 0 0
95 95 95
204 204 204
204 204 204
203 203 203
203 204 204
140 140 140
3 3 3
3 3 3
3 3 3
3 3 3
3 3 3
1 1 1
0 0 0
0 0 0
0 0 0
0 0 0
0 0 0
0 0 0
0 0 0
0 0 0
0 0 0
0 0 0
0 0 0
0 0 0
68 68 68
193 193 193
196 196 196
197 197 197
196 196 196
196 196 196
197 197 197
196 196 196
196 196 196
174 174 174
4 4 4
0 0 0
0 0 0
0 0 0
175 175 175
232 232 232
197 197 197
197 197 197
197 197 197
197 197 197
197 197 197
197 197 197
197 197 197
173 173 173
137 137 137
114 114 114
100 100 100
95 95 95
96 96 96
29 29 29
0 0 0
0 0 0
0 0 0
0 0 0
0 0 0
0 0 0
44 44 44
94 94 94
98 98 98
110 110 110
123 123 123
140 140 140
192 192 192
202 202 202
203 203 203
204 204 204
226 226 226
103 103 103
0 0 0
0 0 0
0 0 0
0 0 0
0 0 0
0 0 0
1 1 1
0 0 0
0 0 0
0 0 0
0 0 0
0 0 0
111 111 111
212 212 212
211 211 211
211 211 211
230 230 230
122 122 122
0 0 0
0 0 0
0 0 0
0 0 0
0 0 0
0 0 0
92 92 92
203 203 203
204 204 204
203 203 203
203 203 203
200 200 200
189 189 189
188 188 188
187 187 187
187 187 187
186 186 186
79 79 79
0 0 0
0 0 0
0 0 0
0 0 0
0 0 0
0 0 0
9 9 9
120 120 120
118 118 118
127 127 127
138 138 138
142 142 142
179 179 179
197 197 197
197 197 197
197 197 197
197 197 197
197 197 197
197 197 197
197 197 197
197 197 197
172 172 172
3 3 3
0 0 0
0 0 0
0 0 0
175 175 175
232 232 232
197 197 197
196 196 196
197 197 197
196 196 196
196 196 196
197 197 197
196 196 196
197 197 197
196 196 196
196 196 196
196 196 196
197 197 197
209 209 209
66 66 66
0 0 0
0 0 0
0 0 0
0 0 0
0 0 0
0 0 0
65 65 65
156 156 156
191 191 191
199 199 199
200 200 200
201 201 201
202 202 202
202 202 202
203 203 203
204 204 204
226 226 226
103 103 103
0 0 0
0 0 0
0 0 0
0 0 0
0 0 0
0 0 0
0 0 0
0 0 0
0 0 0
0 0 0
0 0 0
0 0 0
105 105 105
212 212 212
212 212 212
211 211 211
229 229 229
122 122 122
0 0 0
0 0 0
0 0 0
0 0 0
0 0 0
0 0 0
91 91 91
202 202 202
204 204 204
203 203 203
202 203 203
202 202 202
201 201 201
200 200 200
200 200 200
199 199 199
202 202 202
96 96 96
0 0 0
0 0 0
0 0 0
0 0 0
0 0 0
0 0 0
11 11 11
139 139 139
185 185 185
196 196 196
196 196 196
196 196 196
197 197 197
196 196 196
196 196 196
197 197 197
196 196 196
196 196 196
197 197 197
196 196 196
196 196 196
168 168 168
3 3 3
0 0 0
0 0 0
0 0 0
175 175 175
232 232 232
197 197 197
196 196 196
197 197 197
196 196 196
196 196 196
197 197 197
196 196 196
197 197 197
196 196 196
196 196 196
196 196 196
197 197 197
215 215 215
68 68 68
0 0 0
0 0 0
0 0 0
0 0 0
0 0 0
0 0 0
64 64 64
180 180 180
199 199 199
200 200 200
200 200 200
201 201 201
202 202 202
203 203 203
203 203 203
204 204 204
226 226 226
103 103 103
0 0 0
0 0 0
0 0 0
0 0 0
0 0 0
0 0 0
0 0 0
0 0 0
0 0 0
0 0 0
0 0 0
0 0 0
104 104 104
212 212 212
212 212 212
212 212 212
227 227 227
122 122 122
0 0 0
0 0 0
0 0 0
0 0 0
0 0 0
0 0 0
90 90 90
201 201 201
204 204 204
204 204 204
203 203 203
202 202 202
201 201 201
200 200 200
200 200 200
200 200 200
204 204 204
95 95 95
0 0 0
0 0 0
0 0 0
0 0 0
0 0 0
0 0 0
11 11 11
148 148 148
196 196 196
197 197 197
196 196 196
196 196 196
197 197 197
196 196 196
196 196 196
197 197 197
196 196 196
196 196 196
197 197 197
196 196 196
196 196 196
162 162 162
3 3 3
0 0 0
0 0 0
0 0 0
175 175 175
232 232 232
197 197 197
197 197 197
197 197 197
197 197 197
197 197 197
197 197 197
197 197 197
197 197 197
197 197 197
197 197 197
197 197 197
197 197 197
216 216 216
68 68 68
0 0 0
0 0 0
0 0 0
0 0 0
0 0 0
0 0 0
64 64 64
184 184 184
200 200 200
200 200 200
201 201 201
201 201 201
202 202 202
203 203 203
204 204 204
205 205 205
226 226 226
103 103 103
0 0 0
0 0 0
0 0 0
0 0 0
0 0 0
0 0 0
0 0 0
0 0 0
0 0 0
0 0 0
0 0 0
0 0 0
104 104 104
213 213 213
213 213 213
212 212 212
226 226 226
122 122 122
0 0 0
0 0 0
0 0 0
0 0 0
0 0 0
0 0 0
89 89 89
198 198 198
205 205 205
204 204 204
203 203 203
202 202 202
202 202 202
201 201 201
200 200 200
200 200 200
205 205 205
93 93 93
0 0 0
0 0 0
0 0 0
0 0 0
0 0 0
0 0 0
11 11 11
156 156 156
197 197 197
197 197 197
197 197 197
197 197 197
197 197 197
197 197 197
197 197 197
197 197 197
197 197 197
197 197 197
197 197 197
197 197 197
197 197 197
158 158 158
3 3 3
0 0 0
0 0 0
0 0 0
175 175 175
232 232 232
197 197 197
196 196 196
197 197 197
196 196 196
196 196 196
197 197 197
196 196 196
197 197 197
196 196 196
196 196 196
196 196 196
197 197 197
216 216 216
70 70 70
0 0 0
0 0 0
0 0 0
0 0 0
0 0 0
0 0 0
64 64 64
183 183 183
199 199 199
200 200 200
200 200 200
201 201 201
202 202 202
203 203 203
204 204 204
204 204 204
226 226 226
103 103 103
0 0 0
0 0 0
0 0 0
0 0 0
0 0 0
0 0 0
0 0 0
0 0 0
0 0 0
0 0 0
0 0 0
0 0 0
101 101 101
206 206 206
206 206 206
205 205 205
212 212 212
112 112 112
0 0 0
0 0 0
0 0 0
0 0 0
0 0 0
0 0 0
89 89 89
196 196 196
205 205 205
204 204 204
203 203 203
202 202 202
202 202 202
201 201 201
200 200 200
200 200 200
205 205 205
94 94 94
0 0 0
0 0 0
0 0 0
0 0 0
0 0 0
0 0 0
11 11 11
160 160 160
196 196 196
197 197 197
196 196 196
196 196 196
197 197 197
196 196 196
196 196 196
197 197 197
196 196 196
196 196 196
197 197 197
196 196 196
196 196 196
152 152 152
3 3 3
0 0 0
0 0 0
0 0 0
175 175 175
232 232 232
197 197 197
196 196 196
197 197 197
196 196 196
196 196 196
197 197 197
196 196 196
197 197 197
196 196 196
196 196 196
196 196 196
197 197 197
216 216 216
74 74 74
0 0 0
0 0 0
0 0 0
0 0 0
0 0 0
0 0 0
64 64 64
174 175 175
199 199 199
200 200 200
200 201 201
201 201 201
202 202 202
203 203 203
204 204 204
205 205 205
226 226 226
106 106 106
0 0 0
0 0 0
0 0 0
0 0 0
0 0 0
0 0 0
0 0 0
0 0 0
0 0 0
0 0 0
0 0 0
0 0 0
7 7 7
14 14 14
14 14 14
14 14 14
14 14 14
7 7 7
0 0 0
0 0 0
0 0 0
0 0 0
0 0 0
0 0 0
88 88 88
194 194 194
205 205 205
204 204 204
203 203 203
202 202 202
202 202 202
201 201 201
200 200 200
200 200 200
205 205 205
99 99 99
0 0 0
0 0 0
0 0 0
0 0 0
0 0 0
0 0 0
11 11 11
165 165 165
196 196 196
197 197 197
196 196 196
196 196 196
197 197 197
196 196 196
196 196 196
197 197 197
196 196 196
196 196 196
197 197 197
196 196 196
196 196 196
144 144 144
3 3 3
0 0 0
0 0 0
0 0 0
175 175 175
232 232 232
197 197 197
197 197 197
197 197 197
197 197 197
197 197 197
197 197 197
197 197 197
197 197 197
197 197 197
197 197 197
197 197 197
197 197 197
217 217 217
75 75 75
0 0 0
0 0 0
0 0 0
0 0 0
0 0 0
0 0 0
64 64 64
177 177 177
200 200 200
200 200 200
201 201 201
201 202 202
202 202 202
203 203 203
204 204 204
205 205 205
227 227 227
108 108 108
0 0 0
0 0 0
0 0 0
0 0 0
0 0 0
0 0 0
22 22 22
56 56 56
56 56 56
56 56 56
56 56 56
15 15 15
2 2 2
2 2 2
2 2 2
1 1 1
2 2 2
2 2 2
0 0 0
0 0 0
0 0 0
0 0 0
0 0 0
0 0 0
88 88 88
194 194 194
205 205 205
204 204 204
203 203 203
203 203 203
202 202 202
201 201 201
200 200 200
200 200 200
205 205 205
101 101 101
0 0 0
0 0 0
0 0 0
0 0 0
0 0 0
0 0 0
11 11 11
164 164 164
197 197 197
197 197 197
197 197 197
197 197 197
197 197 197
197 197 197
197 197 197
197 197 197
197 197 197
197 197 197
197 197 197
197 197 197
196 196 196
137 137 137
3 3 3
0 0 0
0 0 0
0 0 0
175 175 175
232 232 232
197 197 197
196 196 196
197 197 197
196 196 196
196 196 196
197 197 197
196 196 196
197 197 197
196 196 196
196 196 196
196 196 196
197 197 197
217 217 217
74 74 74
0 0 0
0 0 0
0 0 0
0 0 0
0 0 0
0 0 0
64 64 64
179 179 179
199 199 199
200 200 200
200 200 200
201 201 201
202 202 202
203 203 203
204 204 204
204 204 204
227 227 227
108 108 108
0 0 0
0 0 0
0 0 0
0 0 0
0 0 0
0 0 0
53 53 53
173 173 173
188 188 188
190 190 190
177 177 177
41 41 41
0 0 0
0 0 0
0 0 0
0 0 0
0 0 0
0 0 0
0 0 0
0 0 0
0 0 0
0 0 0
0 0 0
0 0 0
88 88 88
193 193 193
205 205 205
204 204 204
203 203 203
202 202 202
202 202 202
201 201 201
200 200 200
200 200 200
205 205 205
106 106 106
0 0 0
0 0 0
0 0 0
0 0 0
0 0 0
0 0 0
11 11 11
164 164 164
196 196 196
197 197 197
196 196 196
196 196 196
197 197 197
196 196 196
196 196 196
197 197 197
196 196 196
196 196 196
197 197 197
196 196 196
196 196 196
131 131 131
3 3 3
0 0 0
0 0 0
0 0 0
175 175 175
232 232 232
197 197 197
196 196 196
197 197 197
196 196 196
196 196 196
197 197 197
196 196 196
197 197 197
196 196 196
196 196 196
196 196 196
197 197 197
217 217 217
75 75 75
0 0 0
0 0 0
0 0 0
0 0 0
0 0 0
0 0 0
64 64 64
177 177 177
199 199 199
200 200 200
200 200 200
201 201 201
202 202 202
203 203 203
204 204 204
204 204 204
227 227 227
108 108 108
0 0 0
0 0 0
0 0 0
0 0 0
0 0 0
0 0 0
52 52 52
194 194 194
212 212 212
213 213 213
205 205 205
43 43 43
0 0 0
0 0 0
0 0 0
0 0 0
0 0 0
0 0 0
0 0 0
0 0 0
0 0 0
0 0 0
0 0 0
0 0 0
88 88 88
194 194 194
205 205 205
204 204 204
203 203 203
202 202 202
202 202 202
201 201 201
200 200 200
200 200 200
205 205 205
108 108 108
0 0 0
0 0 0
0 0 0
0 0 0
0 0 0
0 0 0
11 11 11
165 165 165
196 196 196
197 197 197
196 196 196
196 196 196
197 197 197
196 196 196
196 196 196
197 197 197
196 196 196
196 196 196
197 197 197
196 196 196
194 194 194
124 124 124
3 3 3
0 0 0
0 0 0
0 0 0
175 175 175
232 232 232
197 197 197
197 197 197
197 197 197
197 197 197
197 197 197
197 197 197
197 197 197
197 197 197
197 197 197
197 197 197
197 197 197
197 197 197
217 217 217
74 74 74
0 0 0
0 0 0
0 0 0
0 0 0
0 0 0
0 0 0
64 64 64
177 177 177
199 199 199
200 200 200
201 201 201
201 201 201
202 202 202
203 203 203
204 204 204
204 204 204
226 226 226
108 108 108
0 0 0
0 0 0
0 0 0
0 0 0
0 0 0
0 0 0
52 52 52
201 201 201
212 212 212
212 212 212
211 211 211
48 48 48
0 0 0
0 0 0
0 0 0
0 0 0
0 0 0
0 0 0
0 0 0
0 0 0
0 0 0
0 0 0
0 0 0
0 0 0
88 88 88
194 194 194
205 205 205
204 204 204
203 203 203
202 202 202
201 201 201
201 201 201
200 200 200
200 200 200
205 205 205
108 108 108
0 0 0
0 0 0
0 0 0
0 0 0
0 0 0
0 0 0
11 11 11
166 166 166
197 197 197
197 197 197
197 197 197
197 197 197
197 197 197
197 197 197
197 197 197
197 197 197
197 197 197
197 197 197
197 197 197
197 197 197
185 185 185
123 123 123
3 3 3
0 0 0
0 0 0
0 0 0
175 175 175
232 232 232
197 197 197
196 196 196
197 197 197
196 196 196
196 196 196
197 197 197
196 196 196
197 197 197
196 196 196
196 196 196
196 196 196
197 197 197
216 216 216
74 74 74
0 0 0
0 0 0
0 0 0
0 0 0
0 0 0
0 0 0
64 64 64
177 177 177
199 199 199
200 200 200
200 200 200
201 201 201
202 202 202
202 202 202
203 203 203
204 204 204
226 226 226
108 108 108
0 0 0
0 0 0
0 0 0
0 0 0
0 0 0
0 0 0
52 52 52
202 202 202
212 212 212
212 212 212
212 212 212
56 56 56
0 0 0
0 0 0
0 0 0
0 0 0
0 0 0
0 0 0
0 0 0
0 0 0
0 0 0
0 0 0
0 0 0
0 0 0
89 89 89
195 195 195
204 204 204
203 203 203
203 203 203
202 202 202
201 201 201
200 200 200
200 200 200
199 199 199
205 205 205
108 108 108
0 0 0
0 0 0
0 0 0
0 0 0
0 0 0
0 0 0
11 11 11
166 166 166
196 196 196
197 197 197
196 196 196
196 196 196
197 197 197
196 196 196
196 196 196
197 197 197
196 196 196
196 196 196
197 197 197
196 196 196
173 173 173
123 123 123
3 3 3
0 0 0
0 0 0
0 0 0
175 175 175
232 232 232
197 197 197
196 196 196
197 197 197
196 196 196
196 196 196
197 197 197
196 196 196
197 197 197
196 196 196
196 196 196
196 196 196
197 197 197
216 216 216
74 74 74
0 0 0
0 0 0
0 0 0
0 0 0
0 0 0
0 0 0
64 64 64
179 179 179
199 199 199
200 200 200
200 200 200
201 201 201
202 202 202
202 202 202
203 203 203
204 204 204
223 223 223
108 108 108
0 0 0
0 0 0
0 0 0
0 0 0
0 0 0
0 0 0
52 52 52
202 202 202
211 211 211
211 211 211
211 211 211
60 60 60
0 0 0
0 0 0
0 0 0
0 0 0
0 0 0
0 0 0
0 0 0
0 0 0
0 0 0
0 0 0
0 0 0
0 0 0
89 89 89
196 196 196
204 204 204
203 203 203
202 202 202
202 202 202
201 201 201
200 200 200
200 200 200
199 199 199
205 205 205
108 108 108
0 0 0
0 0 0
0 0 0
0 0 0
0 0 0
0 0 0
11 11 11
166 166 166
196 196 196
197 197 197
196 196 196
196 196 196
197 197 197
196 196 196
196 196 196
197 197 197
196 196 196
196 196 196
197 197 197
196 196 196
159 159 159
123 123 123
3 3 3
0 0 0
0 0 0
0 0 0
175 175 175
232 232 232
197 197 197
197 197 197
197 197 197
197 197 197
197 197 197
197 197 197
197 197 197
197 197 197
197 197 197
197 197 197
197 197 197
197 197 197
216 216 216
75 75 75
0 0 0
0 0 0
0 0 0
0 0 0
0 0 0
0 0 0
64 64 64
178 178 178
199 199 199
200 200 200
200 200 200
201 201 201
201 201 201
202 202 202
203 203 203
204 204 204
220 220 220
108 108 108
0 0 0
0 0 0
0 0 0
0 0 0
0 0 0
0 0 0
52 52 52
202 202 202
211 211 211
211 211 211
211 211 211
114 114 114
28 28 28
24 24 24
24 24 24
24 24 24
24 24 24
17 17 17
0 0 0
0 0 0
0 0 0
0 0 0
0 0 0
0 0 0
89 89 89
197 197 197
204 204 204
203 203 203
202 202 202
202 202 202
201 201 201
200 200 200
200 200 200
199 199 199
205 205 205
108 108 108
0 0 0
0 0 0
0 0 0
0 0 0
0 0 0
0 0 0
11 11 11
167 167 167
197 197 197
197 197 197
197 197 197
197 197 197
197 197 197
197 197 197
197 197 197
197 197 197
197 197 197
197 197 197
197 197 197
194 194 194
143 143 143
123 123 123
3 3 3
0 0 0
0 0 0
0 0 0
175 175 175
232 232 232
197 197 197
196 196 196
197 197 197
196 196 196
196 196 196
197 197 197
196 196 196
197 197 197
196 196 196
196 196 196
196 196 196
197 197 197
216 216 216
74 74 74
0 0 0
0 0 0
0 0 0
0 0 0
0 0 0
0 0 0
66 66 66
177 177 177
199 199 199
199 199 199
200 200 200
200 200 200
201 201 201
202 202 202
203 203 203
203 203 203
219 219 219
110 110 110
0 0 0
0 0 0
0 0 0
0 0 0
0 0 0
0 0 0
52 52 52
201 201 201
210 210 210
210 210 210
210 210 210
208 208 208
190 190 190
184 184 184
179 179 179
174 174 174
170 170 170
86 86 86
0 0 0
0 0 0
0 0 0
0 0 0
0 0 0
0 0 0
90 90 90
200 200 200
203 203 203
203 203 203
202 202 202
201 201 201
201 201 201
200 200 200
199 199 199
199 199 199
205 205 205
108 108 108
0 0 0
0 0 0
0 0 0
0 0 0
0 0 0
0 0 0
11 11 11
167 167 167
196 196 196
197 197 197
196 196 196
196 196 196
197 197 197
196 196 196
196 196 196
197 197 197
196 196 196
196 196 196
197 197 197
173 173 173
138 138 138
123 123 123
3 3 3
0 0 0
0 0 0
0 0 0
175 175 175
232 232 232
197 197 197
196 196 196
197 197 197
196 196 196
196 196 196
197 197 197
196 196 196
197 197 197
196 196 196
196 196 196
196 196 196
197 197 197
216 216 216
74 74 74
0 0 0
0 0 0
0 0 0
0 0 0
0 0 0
0 0 0
67 67 67
176 176 176
198 198 198
199 199 199
199 199 199
200 200 200
201 201 201
201 201 201
202 202 202
203 203 203
220 220 220
115 115 115
0 0 0
0 0 0
0 0 0
0 0 0
0 0 0
0 0 0
52 52 52
201 201 201
209 209 209
209 209 209
209 209 209
210 210 210
210 210 210
209 209 209
209 209 209
209 209 209
209 209 209
100 100 100
0 0 0
0 0 0
0 0 0
0 0 0
0 0 0
0 0 0
90 90 90
200 200 200
203 203 203
202 202 202
202 202 202
201 201 201
200 200 200
200 200 200
199 199 199
199 199 199
204 204 204
107 107 107
0 0 0
0 0 0
0 0 0
0 0 0
0 0 0
0 0 0
11 11 11
165 165 165
196 196 196
197 197 197
196 196 196
196 196 196
197 197 197
196 196 196
196 196 196
197 197 197
196 196 196
196 196 196
192 192 192
144 144 144
137 137 137
123 123 123
3 3 3
0 0 0
0 0 0
0 0 0
174 174 174
232 232 232
197 197 197
197 197 197
197 197 197
197 197 197
197 197 197
197 197 197
197 197 197
197 197 197
197 197 197
197 197 197
197 197 197
197 197 197
215 215 215
74 74 74
0 0 0
0 0 0
0 0 0
0 0 0
0 0 0
0 0 0
69 69 69
177 177 177
198 198 198
199 199 199
200 200 200
200 200 200
201 201 201
201 201 201
202 202 202
203 203 203
219 219 219
119 119 119
0 0 0
0 0 0
0 0 0
0 0 0
0 0 0
0 0 0
51 51 51
201 201 201
208 209 209
209 209 209
209 209 209
209 209 209
209 209 209
209 209 209
209 209 209
208 208 208
208 208 208
110 110 110
0 0 0
0 0 0
0 0 0
0 0 0
0 0 0
0 0 0
90 90 90
200 200 200
203 203 203
202 202 202
201 201 201
201 201 201
200 200 200
200 200 200
199 199 199
199 199 199
206 206 206
104 104 104
0 0 0
0 0 0
0 0 0
0 0 0
0 0 0
0 0 0
11 11 11
162 162 162
197 197 197
197 197 197
197 197 197
197 197 197
197 197 197
197 197 197
197 197 197
197 197 197
197 197 197
196 196 196
157 157 157
138 138 138
138 138 138
123 123 123
3 3 3
0 0 0
0 0 0
0 0 0
174 174 174
232 232 232
197 197 197
196 196 196
197 197 197
196 196 196
196 196 196
197 197 197
196 196 196
197 197 197
196 196 196
196 196 196
196 196 196
197 197 197
206 206 206
71 71 71
0 0 0
0 0 0
0 0 0
0 0 0
0 0 0
0 0 0
72 72 72
179 179 179
198 198 198
199 199 199
199 199 199
199 199 199
200 200 200
201 201 201
201 201 201
202 202 202
215 215 215
120 120 120
0 0 0
0 0 0
0 0 0
0 0 0
0 0 0
0 0 0
51 51 51
200 200 200
208 208 208
208 208 208
208 208 208
208 208 208
208 208 208
208 208 208
208 208 208
208 208 208
207 207 207
115 115 115
0 0 0
0 0 0
0 0 0
0 0 0
0 0 0
0 0 0
92 92 92
201 201 201
202 202 202
201 201 201
201 201 201
200 200 200
200 200 200
199 199 199
198 198 198
198 198 198
206 206 206
103 103 103
0 0 0
0 0 0
0 0 0
0 0 0
0 0 0
0 0 0
11 11 11
161 161 161
196 196 196
197 197 197
196 196 196
196 196 196
197 197 197
196 196 196
196 196 196
197 197 197
196 196 196
167 167 167
138 138 138
137 137 137
137 137 137
123 123 123
3 3 3
0 0 0
0 0 0
0 0 0
174 174 174
232 232 232
197 197 197
196 196 196
197 197 197
196 196 196
196 196 196
197 197 197
196 196 196
197 197 197
196 196 196
196 196 196
196 196 196
197 197 197
196 196 196
70 70 70
0 0 0
0 0 0
0 0 0
0 0 0
0 0 0
0 0 0
80 80 80
179 179 179
197 198 198
198 198 198
199 199 199
199 199 199
200 200 200
200 200 200
201 201 201
201 202 202
208 208 208
116 116 116
0 0 0
0 0 0
0 0 0
0 0 0
0 0 0
0 0 0
55 55 55
197 197 197
207 207 207
207 207 207
207 207 207
207 207 207
207 207 207
207 207 207
207 207 207
207 207 207
206 206 206
123 123 123
0 0 0
0 0 0
0 0 0
0 0 0
0 0 0
0 0 0
103 103 103
202 202 202
202 202 202
201 201 201
200 200 200
200 200 200
200 200 200
199 199 199
198 198 198
198 198 198
198 198 198
93 93 93
0 0 0
0 0 0
0 0 0
0 0 0
0 0 0
0 0 0
16 16 16
163 163 163
196 196 196
197 197 197
196 196 196
196 196 196
197 197 197
196 196 196
196 196 196
195 195 195
164 164 164
138 138 138
138 138 138
137 137 137
137 137 137
123 123 123
3 3 3
0 0 0
0 0 0
0 0 0
174 174 174
232 232 232
197 197 197
197 197 197
197 197 197
197 197 197
197 197 197
197 197 197
197 197 197
197 197 197
197 197 197
197 197 197
197 197 197
197 197 197
197 197 197
170 170 170
92 92 92
70 70 70
71 71 71
73 73 73
76 76 76
89 89 89
133 133 133
184 184 184
198 198 198
198 198 198
199 199 199
199 199 199
200 200 200
200 200 200
201 201 201
201 201 201
202 202 202
159 159 159
105 105 105
87 87 87
82 82 82
81 81 81
82 82 82
82 82 82
126 126 126
200 200 200
206 206 206
206 206 206
206 206 206
206 206 206
206 206 206
206 206 206
206 206 206
206 206 206
206 206 206
187 187 187
105 105 105
92 92 92
88 88 88
81 81 81
78 78 78
98 98 98
170 170 170
202 202 202
201 201 201
201 201 201
200 200 200
200 200 200
199 199 199
199 199 199
198 198 198
198 198 198
198 198 198
150 151 151
79 79 79
61 61 61
58 58 58
58 58 58
58 58 58
61 61 61
96 96 96
176 176 176
197 197 197
197 197 197
196 196 196
196 196 196
195 195 195
185 185 185
168 168 168
147 147 147
138 138 138
138 138 138
138 138 138
138 138 138
138 138 138
123 123 123
3 3 3
0 0 0
0 0 0
0 0 0
174 174 174
232 232 232
197 197 197
196 196 196
197 197 197
196 196 196
196 196 196
197 197 197
196 196 196
197 197 197
196 196 196
196 196 196
196 196 196
197 197 197
196 196 196
196 196 196
196 196 196
189 189 189
175 175 175
168 168 168
167 167 167
170 170 170
186 186 186
197 197 197
197 197 197
198 198 198
198 198 198
198 199 199
199 199 199
199 199 199
200 200 200
200 200 200
201 201 201
202 202 202
202 202 202
199 199 199
195 195 195
192 192 192
189 189 189
187 187 187
199 199 199
205 205 205
205 205 205
205 205 205
205 205 205
206 206 206
205 205 205
205 205 205
205 205 205
205 205 205
205 205 205
205 205 205
203 203 203
193 193 193
188 188 188
183 183 183
190 190 190
197 197 197
202 202 202
201 201 201
201 201 201
200 200 200
199 199 199
199 199 199
199 199 199
198 198 198
198 198 198
198 198 198
197 197 197
196 196 196
196 196 196
193 193 193
186 186 186
174 174 174
161 161 161
156 156 156
174 174 174
190 190 190
180 180 180
167 167 167
155 155 155
145 145 145
142 142 142
138 138 138
137 137 137
138 138 138
137 137 137
137 137 137
138 138 138
137 137 137
137 137 137
123 123 123
3 3 3
0 0 0
0 0 0
0 0 0
174 174 174
232 232 232
197 197 197
196 196 196
197 197 197
196 196 196
196 196 196
197 197 197
196 196 196
197 197 197
196 196 196
196 196 196
196 196 196
197 197 197
196 196 196
196 196 196
197 197 197
196 196 196
196 196 196
197 197 197
196 196 196
196 196 196
197 197 197
197 197 197
197 197 197
198 198 198
198 198 198
198 198 198
199 199 199
199 199 199
200 200 200
200 200 200
200 200 200
201 201 201
202 202 202
202 202 202
203 203 203
203 203 203
203 203 203
204 204 204
204 204 204
204 204 204
205 205 205
205 205 205
205 205 205
205 205 205
205 205 205
205 205 205
205 205 205
204 204 204
204 204 204
204 204 204
204 204 204
203 203 203
203 203 203
203 203 203
202 202 202
202 202 202
201 201 201
201 201 201
200 200 200
200 200 200
199 199 199
199 199 199
198 198 198
198 198 198
197 197 197
197 197 197
192 192 192
184 184 184
179 179 179
173 173 173
166 166 166
162 162 162
161 161 161
153 153 153
144 144 144
138 138 138
137 137 137
138 138 138
137 137 137
137 137 137
138 138 138
137 137 137
137 137 137
138 138 138
137 137 137
137 137 137
138 138 138
137 137 137
137 137 137
123 123 123
3 3 3
0 0 0
0 0 0
0 0 0
174 174 174
231 231 231
197 197 197
197 197 197
197 197 197
197 197 197
197 197 197
197 197 197
197 197 197
197 197 197
197 197 197
197 197 197
197 197 197
197 197 197
197 197 197
197 197 197
197 197 197
197 197 197
197 197 197
197 197 197
197 197 197
197 197 197
197 197 197
197 197 197
197 197 197
198 198 198
198 198 198
198 198 198
198 199 199
199 199 199
199 199 199
200 200 200
200 200 200
201 201 201
201 201 201
201 201 201
202 202 202
202 202 202
203 203 203
203 203 203
203 203 203
203 203 203
204 204 204
204 204 204
204 204 204
204 204 204
204 204 204
204 204 204
204 204 204
204 204 204
203 203 203
203 203 203
203 203 203
203 203 203
202 202 202
202 202 202
201 201 201
199 199 199
197 197 197
193 193 193
190 190 190
183 183 183
177 177 177
171 171 171
164 164 164
157 157 157
150 150 150
143 143 143
138 138 138
138 138 138
138 138 138
138 138 138
138 138 138
138 138 138
138 138 138
138 138 138
138 138 138
138 138 138
138 138 138
138 138 138
138 138 138
138 138 138
138 138 138
138 138 138
138 138 138
138 138 138
138 138 138
138 138 138
138 138 138
138 138 138
138 138 138
123 123 123
3 3 3
0 0 0
0 0 0
0 0 0
164 164 164
216 216 216
184 184 184
184 184 184
184 184 184
183 183 183
183 183 183
183 183 183
183 183 183
183 183 183
183 183 183
182 182 182
182 182 182
182 182 182
182 182 182
182 182 182
181 181 181
182 182 182
182 182 182
182 182 182
182 182 182
182 182 182
182 182 182
182 182 182
182 182 182
182 182 182
182 182 182
181 181 181
181 181 181
181 181 181
181 181 181
182 182 182
181 181 181
180 180 180
178 178 178
177 177 177
178 178 178
178 178 178
179 179 179
179 179 179
179 179 179
178 178 178
178 178 178
178 178 178
178 178 178
176 176 176
174 174 174
172 172 172
170 170 170
168 168 168
165 165 165
161 161 161
155 155 155
147 147 147
139 139 139
138 138 138
133 133 133
127 127 127
125 125 125
124 124 124
123 123 123
123 123 123
123 123 123
122 122 122
122 122 122
122 122 122
122 122 122
122 122 122
125 125 125
126 126 126
126 126 126
127 127 127
128 128 128
129 129 129
129 129 129
129 129 129
130 130 130
130 130 130
130 130 130
131 131 131
131 131 131
132 132 132
132 132 132
133 133 133
134 134 134
135 135 135
136 136 136
137 137 137
138 138 138
137 137 137
137 137 137
123 123 123
3 3 3
0 0 0
0 0 0
0 0 0
7 7 7
9 9 9
7 7 7
7 7 7
7 7 7
6 6 6
6 6 6
6 6 6
6 6 6
6 6 6
6 6 6
6 6 6
6 6 6
6 6 6
6 6 6
6 6 6
6 6 6
6 6 6
6 6 6
6 6 6
7 7 7
6 6 6
6 6 6
6 6 6
6 6 6
6 6 6
6 6 6
5 5 5
5 5 5
5 5 5
4 4 4
4 4 4
4 4 4
3 3 3
3 3 3
3 3 3
3 3 3
3 3 3
3 3 3
3 3 3
3 3 3
3 3 3
2 2 2
2 2 2
2 2 2
2 2 2
2 2 2
2 2 2
2 2 2
2 2 2
2 2 2
2 2 2
2 2 2
2 2 2
2 2 2
2 2 2
2 2 2
2 2 2
2 2 2
2 2 2
2 2 2
2 2 2
2 2 2
2 2 2
2 2 2
2 2 2
2 2 2
2 2 2
3 3 3
3 3 3
4 4 4
4 4 4
5 5 5
5 5 5
5 5 5
5 5 5
6 6 6
6 6 6
6 6 6
6 6 6
7 7 7
7 7 7
8 8 8
9 9 9
10 10 10
11 11 11
12 12 12
15 15 15
16 16 16
17 17 17
17 17 17
15 15 15
0 0 0
0 0 0
0 0 0
0 0 0
59 15 6
80 21 8
79 21 8
80 21 8
79 21 8
79 22 8
78 22 8
78 22 8
79 22 8
22 6 2
43 12 4
78 23 8
79 24 9
79 24 9
80 24 9
79 24 9
79 24 9
80 25 9
80 25 9
81 26 10
81 26 10
7 2 0
63 21 8
81 27 10
81 27 10
80 27 10
80 27 10
78 27 10
78 27 10
78 27 10
78 27 10
77 27 10
76 27 10
14 5 2
47 17 6
73 26 10
73 26 10
73 26 10
73 26 10
73 26 10
73 26 10
73 26 10
73 26 10
73 27 10
66 24 9
1 0 0
61 22 8
73 27 10
73 27 10
73 27 10
73 26 10
73 26 10
73 26 10
73 26 10
73 26 10
73 26 10
73 26 10
34 12 4
23 8 3
73 26 9
73 26 9
73 25 9
73 25 9
72 25 9
72 25 9
72 24 9
72 24 9
74 24 9
77 25 9
37 12 4
21 7 2
81 26 10
82 26 10
82 26 10
83 26 10
83 26 9
84 26 9
85 26 10
85 26 9
86 26 9
86 25 9
53 15 5
24 7 2
90 25 10
91 26 10
93 26 10
95 26 10
99 27 10
100 27 10
101 27 10
102 27 10
91 24 9
2 0 0
0 0 0
0 0 0
0 0 0
108 28 11
149 39 15
148 39 14
148 39 14
149 40 15
149 41 15
149 42 15
150 43 16
150 43 16
39 11 4
82 24 9
150 44 16
151 45 16
152 46 17
152 46 17
152 46 17
153 47 18
153 48 18
153 49 18
154 49 19
153 49 19
12 4 1
121 40 15
154 51 19
155 51 19
156 52 20
155 52 19
155 53 20
156 54 20
155 53 20
156 54 21
156 54 20
156 55 21
26 9 3
100 36 14
157 56 21
158 57 22
157 56 21
157 56 21
158 57 22
157 57 21
157 57 21
158 57 22
157 57 21
142 52 19
2 0 0
132 48 18
157 58 21
158 57 22
157 57 21
157 57 21
158 57 22
157 57 21
157 56 21
157 56 21
158 57 22
157 56 21
72 25 10
50 18 6
156 55 21
156 54 20
156 54 21
156 53 20
155 53 20
156 53 20
155 52 19
155 52 19
155 52 20
155 51 19
74 24 9
41 13 5
153 49 19
153 49 19
154 49 19
153 48 18
153 47 17
153 47 18
152 46 17
151 46 17
151 45 17
150 44 16
91 27 10
41 11 4
150 43 16
150 42 16
150 42 16
149 41 15
149 40 15
149 40 15
148 39 14
148 39 14
132 34 13
3 1 0
0 0 0
0 0 0
0 0 0
131 44 16
172 53 20
164 43 16
164 44 16
159 43 16
150 41 15
150 42 16
150 42 16
150 43 16
39 11 4
90 26 9
166 49 18
166 49 19
166 50 19
167 51 19
166 51 19
162 50 19
155 48 18
154 48 18
154 49 19
153 49 19
12 4 1
132 43 17
170 56 21
170 56 21
170 56 21
171 57 21
167 57 21
158 54 20
156 53 20
156 54 21
156 54 21
157 54 21
26 9 3
109 39 14
170 60 23
171 61 23
170 61 23
162 58 22
158 57 22
158 57 22
158 57 22
158 57 22
158 57 22
141 51 19
1 0 0
144 52 20
173 62 24
172 62 23
166 60 23
158 57 22
158 57 22
158 57 22
158 57 22
157 56 22
157 56 21
157 56 21
72 25 9
55 19 7
172 60 23
171 59 22
165 57 22
156 54 20
156 53 20
156 53 20
156 52 20
155 52 20
155 52 20
154 51 20
73 24 9
45 14 5
168 54 20
168 54 20
168 53 20
167 52 19
158 48 18
153 47 18
152 46 17
151 45 17
151 45 17
151 45 17
90 27 10
44 12 5
165 47 18
164 46 17
164 46 17
164 45 17
163 44 16
153 41 15
149 39 15
149 39 15
132 34 13
3 1 0
0 0 0
0 0 0
0 0 0
177 68 26
231 80 30
212 56 21
212 57 21
213 58 22
203 55 21
165 46 17
150 42 16
150 42 16
39 11 4
117 34 12
216 63 23
216 64 24
217 65 25
217 66 25
218 66 25
219 67 26
212 66 25
168 52 19
154 48 18
153 49 18
12 4 1
172 56 21
221 72 27
221 73 27
222 73 28
222 74 28
222 75 28
221 75 28
207 71 26
174 59 22
156 54 20
156 53 20
26 9 3
144 50 19
224 79 29
225 79 30
224 79 30
224 79 30
214 76 29
197 70 27
167 60 23
158 57 22
157 56 21
141 51 19
1 0 0
187 67 25
225 81 30
226 81 31
225 81 30
215 77 29
187 66 25
159 57 22
157 56 21
157 55 21
157 55 21
156 55 20
72 25 9
72 25 9
224 77 29
223 77 29
223 77 29
209 71 27
173 58 22
156 52 20
155 51 19
155 51 19
154 51 20
154 50 19
73 23 9
59 18 7
220 70 26
219 69 26
219 69 26
218 68 25
216 67 25
196 60 23
165 50 18
151 45 17
151 45 17
150 44 16
90 26 10
57 16 6
215 61 23
214 60 23
215 59 23
214 58 22
213 58 21
171 46 17
148 39 14
148 38 14
132 34 13
3 1 0
0 0 0
0 0 0
0 0 0
177 68 26
231 79 30
212 55 21
212 56 21
213 57 22
213 58 21
212 58 22
173 48 18
150 42 16
39 11 4
116 33 12
216 63 23
216 63 24
217 64 24
217 65 24
217 66 25
218 67 25
218 67 25
213 66 25
161 50 19
153 48 18
11 3 1
171 55 21
220 71 27
221 72 27
221 73 28
221 73 27
222 74 28
223 75 28
222 75 28
221 75 28
173 59 22
155 53 20
26 9 3
143 49 19
224 78 29
225 78 30
224 79 29
224 79 29
225 79 30
224 79 30
220 78 29
178 63 24
157 56 21
140 50 19
1 0 0
187 66 25
225 80 30
225 80 30
225 80 30
225 80 30
225 80 30
210 74 28
169 59 22
157 55 20
157 54 21
156 54 20
71 24 9
72 25 9
223 77 29
223 76 29
223 76 29
222 75 28
222 74 28
198 66 25
159 53 20
154 51 19
154 50 20
153 50 19
73 23 9
58 18 7
219 69 26
219 69 26
219 68 26
218 67 25
218 67 25
218 66 25
215 65 24
173 51 19
151 45 17
150 44 16
89 25 10
56 16 6
214 60 23
214 60 22
214 59 22
213 58 22
213 57 21
177 47 18
148 39 14
148 38 14
132 33 13
3 1 0
0 0 0
0 0 0
0 0 0
177 67 26
230 79 30
212 55 21
213 56 21
213 57 22
213 58 22
214 58 22
212 58 22
163 45 17
39 11 4
115 33 12
216 62 24
216 63 24
217 64 24
217 64 24
217 65 25
218 66 25
218 67 26
219 67 26
198 61 23
154 48 18
11 3 1
171 54 21
221 71 27
221 71 27
221 72 28
221 73 28
222 73 28
222 74 28
222 74 28
223 75 28
210 71 27
156 53 20
26 9 3
143 49 19
224 77 30
224 78 30
224 78 30
224 78 30
225 78 30
225 79 30
225 79 30
223 78 29
174 61 23
140 49 18
1 0 0
186 66 24
225 79 30
225 79 30
225 79 30
225 79 30
225 79 30
225 78 30
220 76 29
171 59 22
156 54 21
156 54 21
71 24 9
72 24 9
223 76 29
223 76 29
223 75 29
223 74 28
222 74 28
222 74 28
210 69 26
160 52 20
154 50 19
154 50 19
72 23 9
58 18 7
219 69 26
219 68 26
219 68 26
218 67 26
218 66 25
217 65 25
217 65 25
213 63 24
162 47 18
151 43 17
89 25 10
56 16 6
215 60 23
214 59 23
214 58 22
213 58 22
213 57 22
185 49 19
148 38 15
148 38 15
132 34 13
3 1 0
0 0 0
0 0 0
0 0 0
176 67 25
230 78 30
212 55 20
212 55 21
213 56 22
213 57 21
213 58 21
214 59 22
198 55 21
39 11 4
117 33 12
215 61 23
216 62 23
216 63 24
216 64 24
217 65 24
217 65 25
218 66 25
218 67 25
218 67 25
176 54 20
11 3 1
171 54 20
220 70 26
220 71 27
221 71 27
220 72 27
221 72 27
222 73 28
222 74 27
222 74 28
222 74 28
170 57 22
26 9 3
142 48 18
223 76 29
223 77 29
223 77 29
223 77 29
224 78 30
224 77 29
224 78 29
224 78 30
209 72 27
140 48 18
1 0 0
186 65 24
224 78 29
224 78 30
224 78 29
224 78 29
224 78 30
224 77 29
223 77 29
214 74 28
159 55 21
155 53 20
71 24 9
72 24 9
222 75 28
222 75 28
222 74 28
222 74 27
221 73 27
221 73 28
221 72 27
204 66 25
155 50 19
153 49 18
72 23 9
57 18 6
219 68 25
218 68 25
218 67 26
218 66 25
217 65 25
217 65 25
216 64 24
216 63 23
195 57 21
151 43 17
88 25 9
56 15 5
214 59 22
214 59 22
214 58 22
213 57 21
212 56 21
193 50 19
148 38 14
147 37 14
131 33 13
3 1 0
0 0 0
0 0 0
0 0 0
177 66 24
230 77 29
211 54 20
212 55 21
213 56 21
212 57 21
213 57 21
214 58 22
212 58 22
42 12 4
116 33 12
215 61 23
215 62 23
216 63 24
216 63 24
216 64 24
217 65 25
217 65 25
218 66 25
218 67 26
199 61 23
11 3 1
170 53 20
219 69 26
220 70 26
220 71 27
220 71 27
220 72 27
221 72 28
221 73 27
222 73 28
222 74 28
189 63 24
26 9 3
142 48 18
222 75 28
223 76 29
223 76 29
223 76 29
223 77 29
223 77 29
223 77 29
224 77 30
221 76 29
144 49 19
1 0 0
185 64 24
223 77 29
224 77 30
223 77 29
223 77 29
224 77 29
223 77 29
223 76 29
223 76 29
188 64 24
155 53 19
71 24 9
72 24 9
222 74 28
222 74 28
222 73 28
221 73 27
221 72 27
221 72 28
220 71 27
220 71 27
184 59 22
153 48 18
72 22 8
57 18 6
218 68 25
218 67 25
218 66 25
217 66 25
217 65 24
217 64 24
216 63 24
216 63 23
214 61 23
160 45 17
88 25 9
56 15 5
214 59 22
213 58 22
213 57 22
212 57 21
212 56 21
199 52 19
148 38 14
147 37 14
131 33 12
3 1 0
0 0 0
0 0 0
0 0 0
177 65 24
230 77 28
211 54 20
212 55 21
212 55 21
213 56 22
213 57 22
213 58 22
213 58 22
48 13 5
116 32 12
215 61 23
215 61 23
216 62 24
216 63 24
217 63 24
217 64 24
217 65 25
217 66 25
218 66 25
212 65 25
13 4 1
169 53 20
219 69 26
220 69 26
220 70 27
220 70 27
221 71 27
221 72 27
221 72 28
221 73 28
222 73 28
201 67 25
26 9 3
142 47 18
223 75 28
223 75 29
223 75 29
223 76 29
223 76 29
223 76 29
223 76 29
223 76 29
223 76 29
158 54 20
1 0 0
185 63 24
223 77 29
223 76 29
223 76 29
223 76 29
223 76 29
223 76 29
223 76 29
223 75 29
219 74 28
164 54 21
71 23 9
71 23 9
222 74 28
222 73 28
221 73 28
221 72 28
221 72 27
221 71 27
220 71 27
220 70 27
216 68 26
161 50 19
71 22 8
57 17 6
218 67 26
218 66 25
218 66 25
217 65 25
217 64 24
217 64 24
216 63 24
216 62 24
215 61 24
185 52 20
88 25 9
56 15 5
214 58 22
213 58 22
213 57 22
213 56 22
212 56 21
204 53 20
148 38 15
147 37 14
131 33 12
3 1 0
0 0 0
0 0 0
0 0 0
176 65 24
230 76 28
211 53 20
211 54 20
212 55 21
212 55 21
212 56 21
213 57 22
213 58 21
55 15 5
117 32 12
214 60 22
215 61 23
215 61 24
215 62 23
216 63 23
217 64 24
216 64 24
217 65 24
218 66 25
217 66 25
16 5 1
170 52 20
218 68 25
219 68 26
220 69 26
220 70 26
220 70 26
221 71 27
220 71 27
221 72 27
221 72 27
213 70 26
26 9 3
142 47 17
222 74 27
222 74 28
222 74 28
222 75 28
223 75 28
222 75 28
222 75 28
223 75 29
222 75 28
172 58 22
2 0 0
187 64 24
222 75 28
223 75 29
222 75 28
222 75 28
223 75 29
222 75 28
222 75 28
222 74 28
222 74 28
186 62 23
71 23 9
71 23 9
221 73 27
221 72 27
221 72 28
220 71 27
220 71 27
220 70 27
220 70 26
219 69 26
219 69 26
187 58 22
71 22 8
57 17 6
218 66 25
217 66 25
217 65 25
216 64 24
216 64 24
216 63 24
216 62 23
215 61 23
215 61 23
204 57 21
88 24 9
55 15 5
213 58 21
213 57 21
213 56 22
212 56 21
212 55 21
207 53 20
149 38 14
146 37 14
131 32 12
3 1 0
0 0 0
0 0 0
0 0 0
177 64 24
230 75 28
211 53 20
211 54 20
212 54 21
212 55 21
212 56 21
213 57 22
213 57 21
56 15 5
116 32 12
214 59 22
214 60 22
215 61 23
215 61 23
215 62 23
216 63 24
216 64 24
216 64 24
217 65 25
217 65 25
16 5 1
169 52 20
218 67 25
218 68 25
219 68 26
219 69 26
219 69 26
220 70 27
220 70 26
221 71 27
220 71 27
217 71 27
29 9 3
141 46 17
221 73 27
222 73 28
222 73 27
222 74 27
222 74 28
222 74 28
222 74 28
223 74 28
222 74 28
185 62 23
2 0 0
189 63 24
222 75 28
223 75 28
222 74 28
222 74 28
222 74 28
222 74 28
222 74 27
222 73 27
222 73 28
205 68 25
71 23 9
71 23 9
220 72 27
220 71 27
221 71 27
220 71 27
220 70 26
220 70 26
219 69 26
219 68 26
219 68 26
204 63 24
71 22 8
57 17 6
217 66 25
217 65 24
217 64 24
216 64 24
216 63 23
216 62 24
215 62 23
215 61 23
215 60 23
213 59 22
91 25 9
55 15 5
213 57 21
212 57 21
213 56 21
212 55 21
211 55 20
208 53 20
148 38 14
146 36 13
131 32 12
3 1 0
0 0 0
0 0 0
0 0 0
176 64 24
230 74 28
211 52 20
211 53 20
212 54 21
212 55 21
212 55 21
213 56 21
213 57 22
56 15 5
116 31 11
214 59 22
215 60 23
215 60 23
215 61 23
215 62 24
216 62 24
216 63 24
217 64 24
217 64 24
217 65 25
16 5 1
168 51 19
218 67 25
219 67 26
219 68 26
219 68 26
219 69 26
220 69 26
220 70 27
220 70 27
220 71 27
221 71 27
36 11 4
141 46 17
221 72 28
221 72 28
221 73 28
221 73 28
222 73 28
222 73 28
222 74 28
222 74 28
222 74 28
196 65 24
2 0 0
188 62 23
222 74 28
222 74 28
222 74 28
222 74 28
222 73 28
222 73 28
221 73 28
221 73 28
221 72 28
216 70 27
72 23 9
71 23 8
221 71 27
221 71 27
220 70 27
220 70 27
220 69 26
219 69 26
219 68 26
219 68 26
219 67 26
211 64 25
72 22 8
57 17 6
217 65 25
217 64 24
217 64 24
216 63 24
216 62 24
216 62 24
215 61 23
215 60 23
215 60 23
214 59 22
99 27 10
55 15 5
213 57 22
213 56 22
212 56 21
212 55 21
212 54 21
206 52 20
148 37 14
147 36 14
131 32 12
3 1 0
0 0 0
0 0 0
0 0 0
176 64 24
230 74 28
210 52 19
210 53 19
211 53 20
211 54 20
212 55 20
212 56 21
212 56 21
56 14 5
116 31 11
213 58 22
214 59 22
215 60 23
214 60 23
215 61 23
215 62 24
215 62 23
216 63 23
217 63 24
216 64 24
16 4 1
168 50 19
217 66 25
218 66 25
218 67 26
218 67 25
218 68 25
219 68 26
219 69 26
220 69 26
220 70 26
220 70 26
37 12 4
141 45 17
220 71 27
221 71 27
220 71 27
220 72 27
221 72 28
221 72 27
221 72 27
221 73 28
221 73 27
200 66 25
3 1 0
187 61 23
221 73 27
221 73 28
221 73 27
221 72 27
221 72 28
221 72 27
220 72 27
220 72 27
221 71 27
220 71 27
77 24 9
71 22 8
220 70 26
220 70 26
220 69 26
219 69 26
219 68 26
219 68 26
218 67 25
218 67 25
218 66 25
215 65 25
75 23 8
56 17 6
216 64 24
216 64 24
216 63 24
216 62 23
215 62 23
215 61 23
214 60 23
214 60 22
214 59 22
213 58 22
106 29 10
55 14 5
212 56 21
212 55 21
212 55 21
211 54 20
211 54 20
203 51 19
147 36 14
146 35 13
131 32 12
3 1 0
0 0 0
0 0 0
0 0 0
176 63 24
229 74 28
210 52 19
210 52 19
211 53 20
211 54 20
211 54 20
212 55 21
212 55 21
56 14 5
116 31 11
213 58 21
214 58 22
214 59 22
214 60 22
214 60 23
215 61 23
215 61 23
215 62 23
216 63 24
216 63 24
16 4 1
168 50 19
217 65 24
217 66 25
218 66 25
218 67 25
218 67 25
219 68 26
218 68 25
219 68 26
219 69 26
219 69 26
37 12 4
141 45 17
220 70 26
220 71 27
220 71 27
220 71 27
221 71 27
220 71 27
220 71 27
221 72 28
220 72 27
200 65 25
3 1 0
184 60 23
220 72 27
221 72 28
220 71 27
220 71 27
221 72 27
220 71 27
220 71 27
220 71 27
220 71 27
220 70 26
86 27 10
71 22 8
219 69 26
219 69 26
219 68 26
219 68 25
218 68 25
219 67 26
218 67 25
218 66 25
218 66 25
217 65 24
85 25 9
57 17 6
216 63 24
216 63 23
216 62 24
215 62 23
215 61 23
215 60 23
214 60 22
214 59 22
214 58 22
213 58 21
110 30 11
55 14 5
212 56 21
212 55 21
212 54 21
211 54 20
211 53 20
198 49 18
147 36 13
146 35 13
131 32 12
3 1 0
0 0 0
0 0 0
0 0 0
176 62 23
229 73 28
210 51 20
211 52 20
211 52 20
211 53 20
211 54 20
212 54 21
212 55 21
56 14 5
115 31 11
213 57 22
213 58 22
214 58 22
214 59 22
215 60 23
215 60 23
215 61 23
215 61 24
216 62 24
216 63 24
16 4 1
168 49 19
217 64 24
217 65 25
217 65 25
218 66 25
218 66 25
218 67 26
219 67 26
219 68 26
219 68 26
219 68 26
37 11 4
140 44 16
220 69 26
220 70 27
220 70 27
220 70 27
220 70 27
220 71 27
221 71 27
221 71 27
221 71 27
200 64 24
3 1 0
187 60 23
221 71 27
221 71 27
221 71 27
221 71 27
221 71 27
220 70 27
220 70 27
220 70 27
220 70 27
220 69 26
90 28 10
71 22 8
219 68 26
219 68 26
219 68 26
219 67 26
218 67 26
218 66 25
218 66 25
217 65 25
217 65 25
217 64 24
99 29 11
60 17 6
216 63 24
216 62 24
215 62 24
215 61 23
215 60 23
215 60 23
214 59 22
214 58 22
214 58 22
213 57 22
116 31 11
55 14 5
212 55 21
212 55 21
211 54 20
211 53 20
211 52 20
190 47 18
147 36 14
147 36 13
131 31 11
3 1 0
0 0 0
0 0 0
0 0 0
176 62 23
229 72 27
209 51 19
210 51 19
211 52 20
210 52 19
211 53 20
211 54 20
211 54 20
56 14 5
116 30 11
212 56 21
213 57 21
213 58 22
214 58 22
214 59 22
215 60 23
214 60 22
215 61 23
215 61 23
215 62 23
16 4 1
169 49 18
216 63 24
216 64 24
217 64 24
217 65 24
217 65 24
218 66 25
218 66 25
218 67 26
218 67 25
218 67 25
37 11 4
140 43 16
219 68 25
219 69 26
219 69 26
219 69 26
220 69 26
219 69 26
220 70 26
220 70 27
220 70 26
200 63 24
3 1 0
186 59 22
220 70 26
220 70 27
220 70 26
220 70 26
220 70 27
219 69 26
219 69 26
219 69 26
219 69 26
219 68 25
100 31 11
70 21 8
218 67 25
218 67 25
218 67 26
218 66 25
217 66 25
218 66 25
217 65 24
217 65 24
217 64 24
216 64 24
105 31 11
60 17 6
215 62 23
215 61 23
215 61 23
214 60 23
214 60 22
214 59 22
214 58 22
213 58 21
213 57 22
212 56 21
124 32 12
55 14 5
211 55 20
211 54 20
211 53 20
210 53 19
210 52 19
179 44 17
146 35 13
146 35 13
130 31 11
3 1 0
0 0 0
0 0 0
0 0 0
175 61 23
229 72 27
209 50 19
209 51 19
210 52 20
210 52 19
210 53 19
211 53 20
211 54 20
57 14 5
117 31 11
212 56 21
212 56 21
213 57 22
213 58 21
213 58 22
214 59 22
214 59 22
214 60 22
215 61 23
215 61 23
20 5 2
174 50 19
216 63 23
216 63 23
217 64 24
216 64 24
217 65 24
217 65 25
217 65 25
218 66 25
218 66 25
218 67 25
37 11 4
140 43 16
218 67 25
219 68 26
218 68 25
219 68 25
219 68 26
219 69 26
219 69 26
219 69 26
219 69 26
199 63 24
3 1 0
186 58 22
219 69 26
219 69 26
219 69 26
219 69 26
219 69 26
219 68 25
219 68 25
219 68 25
219 68 26
218 68 25
100 31 11
70 21 8
218 67 25
218 66 25
218 66 25
217 66 25
217 65 24
217 65 25
216 64 24
216 64 24
217 63 24
216 63 23
107 31 11
60 17 6
215 61 23
215 61 23
215 60 23
214 59 22
214 59 22
214 58 22
213 58 21
213 57 21
213 56 22
212 56 21
125 33 12
55 14 5
211 54 20
211 53 20
211 53 20
210 52 19
210 51 19
165 40 15
146 35 13
146 35 13
130 31 11
3 0 0
0 0 0
0 0 0
0 0 0
176 60 23
229 71 27
209 50 19
209 50 19
210 51 20
210 51 19
210 52 19
211 53 20
211 53 20
58 14 5
119 31 11
212 55 21
212 56 21
213 56 22
213 57 21
213 58 21
214 58 22
214 59 22
214 59 22
215 60 23
214 60 23
24 7 2
177 51 19
215 62 23
216 62 23
216 63 24
216 63 24
216 64 24
217 64 24
217 65 24
217 65 25
217 65 25
217 66 25
37 11 4
139 42 16
218 67 25
218 67 26
218 67 25
218 67 25
219 68 26
218 68 25
218 68 25
219 68 26
218 68 25
199 62 23
4 1 0
187 58 22
218 68 25
219 68 26
218 68 25
218 68 25
219 68 26
218 67 25
218 67 25
218 67 25
219 67 26
218 67 25
100 30 11
70 21 8
217 66 25
217 66 25
217 65 25
217 65 24
216 64 24
217 64 24
216 63 24
216 63 23
216 62 24
215 62 23
107 30 11
60 17 6
214 60 23
214 60 22
215 59 23
214 59 22
213 58 22
213 58 22
213 57 21
212 56 21
213 56 21
212 55 21
124 32 12
55 14 5
211 53 20
210 53 20
211 52 20
210 52 19
204 50 19
149 36 13
146 35 13
145 34 12
130 30 11
3 1 0
0 0 0
0 0 0
0 0 0
176 60 23
229 70 27
209 49 19
209 50 19
210 50 19
210 51 20
210 52 20
211 52 20
211 53 20
59 15 5
121 31 12
212 55 21
212 55 21
213 56 21
213 56 22
213 57 22
213 58 22
214 58 22
214 58 22
214 59 22
215 60 23
26 7 2
177 50 19
215 61 23
215 62 24
216 62 24
216 63 24
216 63 24
217 64 24
217 64 24
217 64 24
217 64 25
217 65 25
37 11 4
139 42 16
218 66 25
218 66 25
218 66 25
218 66 25
218 67 26
218 67 26
218 67 26
219 67 26
219 67 26
201 62 23
5 1 0
189 58 22
219 67 26
219 67 26
219 67 26
218 67 26
218 67 26
218 67 26
218 67 25
218 66 25
218 66 25
218 66 25
100 30 11
70 21 8
217 65 25
217 65 25
217 64 24
217 64 24
217 64 24
216 63 24
216 63 24
216 62 24
216 62 24
215 61 23
109 31 12
63 17 6
215 60 23
214 59 23
214 59 22
214 58 22
213 58 22
213 57 22
213 56 22
213 56 21
212 55 21
212 55 21
124 32 12
55 14 5
211 53 20
211 52 20
210 52 20
210 51 20
175 42 16
146 35 13
146 34 13
146 34 13
130 30 11
4 1 0
0 0 0
0 0 0
0 0 0
176 59 22
229 69 26
208 49 18
208 49 18
209 50 19
209 51 19
210 51 19
210 52 20
210 52 19
62 15 5
124 31 12
211 54 20
211 54 20
212 55 21
212 56 21
212 56 21
213 57 22
213 57 21
213 58 21
214 58 22
214 59 22
24 6 2
175 49 18
214 60 23
215 61 23
215 61 24
215 62 23
215 62 23
216 63 24
216 63 23
217 63 24
216 64 24
216 64 24
36 10 4
139 41 16
217 65 24
217 65 25
217 65 24
217 65 24
218 66 25
217 66 25
217 66 25
218 66 25
218 66 25
201 61 23
5 1 0
188 57 22
218 66 25
218 66 25
218 66 25
217 66 25
218 66 25
217 66 25
217 66 25
217 65 24
217 65 25
217 65 24
99 29 11
70 20 8
216 64 24
216 64 24
217 63 24
216 63 23
216 63 23
216 62 24
215 62 23
215 61 23
215 61 23
214 60 23
107 30 11
65 18 6
214 59 22
214 58 22
214 58 22
213 57 21
213 57 21
213 56 22
212 56 21
212 55 21
212 55 21
211 54 20
116 29 11
55 13 5
210 52 19
210 52 19
210 51 20
199 48 18
149 36 13
146 34 13
145 34 12
145 33 12
130 30 11
4 1 0
0 0 0
0 0 0
0 0 0
176 60 22
229 69 26
209 48 18
209 49 19
209 49 19
209 50 19
210 51 19
210 51 20
210 52 20
59 14 5
125 31 11
211 53 20
211 54 20
212 54 21
212 55 21
212 56 21
213 56 21
213 57 22
213 57 22
213 58 22
208 57 21
19 5 2
171 47 18
215 60 23
215 60 23
215 60 23
215 61 23
215 61 24
216 62 24
216 62 24
216 62 24
216 63 24
212 62 23
28 8 3
139 41 15
217 64 24
217 64 24
217 64 25
217 65 25
217 65 25
217 65 25
217 65 25
217 65 25
217 65 25
199 60 22
4 1 0
186 56 21
217 65 25
217 65 25
217 65 25
217 65 25
217 65 25
217 65 25
217 65 25
217 64 25
217 64 24
217 64 24
99 29 11
70 20 7
217 63 24
216 63 24
216 63 24
216 62 24
216 62 24
215 61 24
215 61 23
215 61 23
215 60 23
215 60 23
100 28 10
65 18 6
214 58 22
213 58 22
213 57 22
213 57 22
213 56 22
213 56 21
212 55 21
212 55 21
212 54 20
210 53 20
94 23 8
55 13 5
210 52 20
210 51 20
208 50 19
160 38 14
146 35 13
146 34 13
146 34 13
145 34 13
129 30 11
3 0 0
0 0 0
0 0 0
0 0 0
175 59 22
229 69 25
208 48 18
208 48 18
209 49 19
209 49 18
209 50 19
210 51 19
209 51 19
53 13 5
125 31 11
210 53 19
211 53 20
211 54 20
211 54 20
212 55 20
212 55 21
212 56 21
212 56 21
213 57 22
196 53 20
18 5 1
173 47 18
214 59 22
214 59 22
215 60 23
214 60 22
214 60 23
215 61 23
215 61 23
215 62 24
215 62 23
193 56 21
27 8 3
142 41 15
216 63 23
217 63 24
216 63 24
216 64 24
217 64 24
216 64 24
216 64 24
217 64 24
216 64 24
194 57 22
4 1 0
187 56 21
216 64 24
217 64 24
216 64 24
216 64 24
217 64 24
216 64 24
216 64 24
216 63 24
217 63 24
216 63 23
87 25 9
69 20 7
216 62 23
215 62 23
215 62 24
215 61 23
215 61 23
215 61 23
214 60 22
214 60 22
215 59 23
213 59 22
88 24 9
69 18 7
213 57 21
213 57 21
213 56 22
212 56 21
212 55 21
212 55 21
211 54 20
211 54 20
211 53 20
196 49 18
86 21 8
54 13 5
210 51 19
206 50 19
169 40 15
146 34 12
145 34 12
146 34 13
145 33 12
145 33 12
129 30 11
3 0 0
0 0 0
0 0 0
0 0 0
173 57 22
229 68 26
208 47 17
208 48 18
209 48 18
208 49 18
209 49 18
209 50 19
203 49 19
47 11 4
127 31 12
210 52 19
210 52 19
211 53 20
211 54 20
211 54 20
212 55 21
212 55 21
212 55 21
212 56 21
170 45 17
21 5 2
175 47 18
213 58 22
214 58 22
214 59 22
214 59 22
214 60 22
215 60 23
214 60 23
215 61 23
214 61 23
166 47 18
31 9 3
146 42 16
215 62 23
216 62 24
216 63 23
216 63 23
216 63 24
216 63 23
216 63 23
217 63 24
216 63 23
179 53 19
5 1 0
192 56 21
216 63 23
217 64 24
216 63 23
216 63 23
216 63 24
216 63 23
216 63 23
216 63 23
216 62 24
211 61 23
73 21 8
69 20 7
215 61 23
215 61 23
215 61 23
214 60 23
214 60 22
215 60 23
214 59 22
214 59 22
214 58 22
203 55 20
81 22 8
70 18 7
212 57 21
212 56 21
213 56 21
212 55 21
212 55 20
212 54 21
211 54 20
211 53 20
210 53 19
165 41 15
86 21 8
54 13 5
190 46 18
154 37 13
146 35 13
145 34 12
145 34 12
146 34 13
145 33 12
144 33 12
124 28 11
1 0 0
0 0 0
0 0 0
0 0 0
174 56 22
231 70 27
208 47 18
208 48 18
209 48 18
209 48 18
209 49 19
209 49 19
187 45 17
49 11 4
132 32 12
210 52 20
211 52 20
211 52 20
211 53 20
211 53 20
212 54 21
212 54 21
212 55 21
196 51 19
149 39 15
23 6 2
176 47 18
213 57 22
213 58 22
214 58 22
214 58 22
214 59 22
214 59 23
215 60 23
215 60 23
195 55 21
150 43 16
33 9 3
147 42 16
215 61 24
215 62 24
216 62 24
216 62 24
216 62 24
216 62 24
216 62 24
216 62 24
215 62 23
157 45 17
6 1 0
191 55 21
216 62 24
216 62 24
216 62 24
216 62 24
216 62 24
216 62 24
216 62 24
216 62 24
215 62 24
194 55 21
69 19 7
69 19 7
215 61 23
215 60 23
215 60 23
215 60 23
214 59 23
214 59 22
214 58 22
214 58 22
213 58 22
177 48 18
81 21 8
70 18 7
213 56 21
212 56 21
212 55 21
212 55 21
212 54 21
211 54 20
211 53 20
211 52 20
186 46 17
147 36 14
86 21 8
39 9 3
147 35 13
146 35 13
146 34 13
146 34 13
146 34 13
145 34 13
145 33 13
145 32 13
96 21 8
0 0 0
0 0 0
0 0 0
0 0 0
149 48 19
237 75 29
209 48 18
207 47 17
208 48 18
208 48 18
208 48 18
208 49 19
167 40 15
53 12 4
137 33 12
209 51 19
210 51 19
211 52 20
210 52 19
210 53 19
211 53 20
211 54 20
208 53 20
157 40 15
148 38 14
25 6 2
177 46 18
212 56 21
213 57 21
213 57 22
213 57 21
213 58 21
214 58 22
214 59 22
210 58 22
159 44 16
149 42 15
35 10 3
153 43 16
214 60 23
215 61 23
215 61 23
215 61 23
215 61 23
215 61 23
215 61 23
215 61 24
193 55 21
143 41 16
6 1 0
190 54 21
215 61 23
215 62 24
215 61 23
215 61 23
215 61 24
215 61 23
215 61 23
215 61 23
213 60 23
164 46 17
69 19 7
70 19 7
214 60 22
214 59 22
214 59 22
214 59 22
214 58 22
214 58 22
213 58 21
213 57 21
193 52 20
150 40 15
81 21 8
70 18 7
212 55 21
212 55 20
211 54 20
209 53 20
205 52 19
198 50 18
189 47 17
178 43 16
149 36 14
146 35 13
86 21 8
38 9 3
146 34 12
145 34 12
146 34 13
145 33 12
145 33 12
145 33 13
144 32 12
144 32 12
68 15 6
0 0 0
0 0 0
0 0 0
0 0 0
49 16 6
220 71 28
224 62 24
208 46 18
208 47 18
208 47 17
208 48 18
205 48 18
150 35 13
54 12 4
139 33 12
209 50 19
209 51 19
210 51 20
210 52 19
210 52 19
211 53 20
208 52 19
165 42 16
147 38 15
147 38 14
28 7 2
179 47 17
212 56 21
212 56 21
213 56 22
212 57 21
213 57 21
213 58 22
206 56 21
164 44 16
149 40 15
149 41 15
39 10 4
160 44 17
214 59 22
215 60 23
214 60 22
214 60 22
215 60 23
214 60 23
214 60 23
207 58 22
156 44 16
142 40 15
6 1 0
190 54 20
214 61 23
215 61 23
214 61 23
214 60 23
215 60 23
214 60 22
214 60 22
213 59 22
174 48 18
149 41 15
69 19 7
70 19 7
214 59 22
213 58 22
212 58 21
212 57 21
212 57 21
207 56 21
201 54 20
185 49 19
152 40 15
148 39 14
81 21 8
56 14 5
167 43 16
163 42 16
155 40 15
149 38 14
147 37 14
147 36 14
146 36 13
146 35 13
147 36 14
146 35 13
86 20 7
38 9 3
145 34 12
145 33 12
145 34 13
145 33 12
144 33 12
145 32 13
144 32 12
127 28 11
15 3 1
0 0 0
0 0 0
0 0 0
0 0 0
0 0 0
48 15 6
160 51 20
211 55 21
207 46 18
208 47 18
208 47 18
177 40 15
146 34 13
55 12 4
139 33 12
209 50 19
209 50 19
210 51 19
210 51 20
210 52 20
194 48 18
158 39 15
146 37 14
147 37 14
147 38 14
30 7 3
180 46 17
212 55 21
212 55 21
213 56 21
212 56 21
204 54 21
177 47 18
152 41 15
149 40 15
149 40 15
149 40 15
41 11 4
172 47 17
214 59 22
214 59 22
214 59 22
214 59 23
214 59 23
213 59 22
189 52 20
156 43 16
149 42 16
141 39 15
6 1 0
190 53 20
214 60 23
214 59 23
214 59 23
214 59 22
213 59 22
210 58 22
200 55 21
165 45 17
149 41 15
149 41 15
68 18 7
55 14 5
165 44 16
158 42 16
153 41 15
152 41 15
153 41 15
150 40 15
148 39 15
148 39 15
148 38 15
148 38 15
81 21 8
49 12 5
147 38 14
147 37 14
146 37 14
146 36 14
146 36 14
146 36 14
146 36 14
146 36 13
146 35 13
146 35 13
85 20 7
38 8 3
145 34 13
145 33 13
143 33 12
138 32 12
127 29 11
98 21 8
57 12 5
14 3 1
0 0 0
0 0 0
0 0 0
0 0 0
0 0 0
0 0 0
0 0 0
3 1 0
39 12 4
64 14 5
77 17 6
75 17 6
57 13 5
57 13 5
21 4 1
53 12 4
82 19 7
82 19 7
82 19 7
81 19 7
71 17 6
58 14 5
58 14 5
58 14 5
58 14 5
58 14 5
12 3 1
71 18 7
83 21 8
83 21 8
82 21 8
75 19 7
62 16 6
61 16 6
61 16 5
61 16 6
61 16 5
61 16 5
17 4 1
71 19 7
87 23 9
87 24 9
87 24 9
87 24 9
76 21 7
61 16 6
55 15 5
55 15 5
55 15 5
52 14 5
2 0 0
55 15 5
60 16 6
59 16 6
59 16 6
57 15 5
56 15 5
55 15 5
54 14 5
54 14 5
54 14 5
54 14 5
25 6 2
17 4 1
54 14 5
54 14 5
54 14 5
54 14 5
54 14 5
54 14 5
54 14 5
54 14 5
54 13 5
54 13 5
29 7 3
18 4 1
54 13 5
54 13 5
54 13 5
54 13 5
54 13 5
54 13 5
53 13 5
54 13 4
53 12 4
52 12 4
31 7 2
13 3 1
50 11 4
44 10 3
31 7 2
14 3 1
6 1 0
0 0 0
0 0 0
0 0 0
0 0 0
0 0 0
0 0 0
0 0 0
0 0 0
0 0 0
0 0 0
0 0 0
0 0 0
0 0 0
0 0 0
0 0 0
0 0 0
0 0 0
0 0 0
0 0 0
0 0 0
0 0 0
0 0 0
0 0 0
0 0 0
0 0 0
0 0 0
0 0 0
0 0 0
0 0 0
0 0 0
0 0 0
0 0 0
0 0 0
0 0 0
0 0 0
0 0 0
0 0 0
0 0 0
0 0 0
0 0 0
0 0 0
0 0 0
0 0 0
0 0 0
0 0 0
0 0 0
0 0 0
0 0 0
0 0 0
0 0 0
0 0 0
0 0 0
0 0 0
0 0 0
0 0 0
0 0 0
0 0 0
0 0 0
0 0 0
0 0 0
0 0 0
0 0 0
0 0 0
0 0 0
0 0 0
0 0 0
0 0 0
0 0 0
0 0 0
0 0 0
0 0 0
0 0 0
0 0 0
0 0 0
0 0 0
0 0 0
0 0 0
0 0 0
0 0 0
0 0 0
0 0 0
0 0 0
0 0 0
0 0 0
0 0 0
0 0 0
0 0 0
0 0 0
0 0 0
0 0 0
0 0 0
0 0 0
0 0 0
0 0 0
0 0 0
0 0 0
0 0 0
0 0 0
0 0 0
0 0 0
0 0 0
0 0 0
0 0 0
0 0 0
0 0 0
0 0 0
0 0 0
1 0 0
1 0 0
1 0 0
1 0 0
1 0 0
1 0 0
1 0 0
1 0 0
1 0 0
1 0 0
1 0 0
1 0 0
1 0 0
1 0 0
1 0 0
1 0 0
1 0 0
1 0 0
0 0 0
1 0 0
1 0 0
1 0 0
1 0 0
1 0 0
1 0 0
1 0 0
1 0 0
1 0 0
1 0 0
1 0 0
1 0 0
1 0 0
1 0 0
1 0 0
1 0 0
1 0 0
1 0 0
1 0 0
1 0 0
1 0 0
1 0 0
1 0 0
1 0 0
1 0 0
1 0 0
1 0 0
1 0 0
1 0 0
1 0 0
1 0 0
1 0 0
1 0 0
1 0 0
1 0 0
1 0 0
1 0 0
1 0 0
1 0 0
1 0 0
1 0 0
1 0 0
1 0 0
1 0 0
1 0 0
1 0 0
1 0 0
1 0 0
1 0 0
1 0 0
1 0 0
1 0 0
1 0 0
1 0 0
1 0 0
1 0 0
1 0 0
1 0 0
1 0 0
1 0 0
1 0 0
1 0 0
1 0 0
1 0 0
1 0 0
1 0 0
1 0 0
0 0 0
0 0 0
0 0 0
0 0 0
0 0 0
